# Number of parameters = 136 Objective function value = 12687.7721812447  Maximum gradient component = 3.52730480028041e-05
# log_L50flom:
 1.94387361934005
# log_sdL50flomL:
 1.02226964776475
# log_L50floh:
 1.42039858390630
# log_sdL50flohL:
 0.268099073722884
# log_L50crum:
 2.21215239992901
# log_sdL50crumL:
 1.30281550727671
# log_L50cruh:
 1.53921764171290
# log_sdL50cruhL:
 0.853042249797684
# log_Ro:
4.83588187892
# log_propmR:
-0.693140000000
# log_dev_Ro:
 0.195113749682 0.138326682822 0.180104777383 0.193828996784 -0.00979005444150 1.60939455584 0.105330880951 -0.191680886962 -1.03847482594 -1.44896374678 -1.26947857352 -0.591713133212 -0.152568305927 0.612186667500 0.662108141550 0.814028562854 0.175490058408 0.927822695741 0.786878753370 0.355745440796 0.540711839009 0.356587865054 0.565558237393 -0.394938813532 0.0760327746580 -0.418218778284 -0.155175403917 -0.352474460164 -0.711508934065 -0.829443029712 -0.627023070872 -0.103798662454
# log_dev_Nom:
 -0.157279792430 -0.115068199898 0.0335912327972 0.254332366356 2.11588980929 0.500663524846 0.630268928648 0.344076218281 0.133483146889 0.0458567408183 0.00629551797747
# log_dev_Noh:
 -0.453195211768 -0.902444229880 -1.05380880634 -1.06059848463 -0.948413115578 -0.786504178134 -0.625072423182 -0.477171736124 -0.346223450157 -0.239476966940 -0.220756967588
# log_Fm:
 -0.0824356299837 -0.0460829943491 0.0938995987325 0.546013692461 0.999999978173 0.675058987647 0.999999928892 -0.348701924538 -1.31132055629 -1.85133703036 -2.34658977427 -3.93313866731 -0.406759235458 0.375266544371 0.999999998744 0.999999994686 -3.25614229506 -1.32770095977 -2.18673161208 -2.83169553339 -2.93315308776 -1.11815095900 -1.02817709634 -0.145327966333 -0.0126358522047 -0.683843730237 0.107089734146 -0.279459802890 -0.687586912280 -0.916665929237 -0.171628203977 0.441265539731
# log_Fh:
 -1.54871645470 -1.92134592595 -1.93331986094 -1.94898196446 -2.12893417091 -2.63834003440 -0.374691478707 -1.34206166539 -1.05295899656 -1.22510101553 -0.969430824158 -5.03884508668 -0.641592996866 -0.144449475783 -0.176272313744 -0.457304647349 -5.77223645989 -3.43551007346 -4.18873812191 -4.84224360960 -4.77436377115 -2.49306362315 -2.54493368306 -2.11736733816 -2.28395066084 0.430801527922 -1.60606838555 -1.70214369891 -2.13862548530 -1.84837463499 -1.45065459005 -1.64869030686
# log_qflo:
 -8.26833840171
# log_qcru:
 1.58461058592 1.53021720766
# log_Lom:
2.94443897917
# log_cv_edadm:
-2.46486400110
# log_Loh:
2.94443897917
# log_cv_edadh:
-2.75809772982
# log_Mh:
-1.20397280433
# log_Mm:
-1.20397280433
# log_Fref:
 -0.220735706434 -0.741362260894 -0.970340666357 -1.10261257960
