# Number of parameters = 151 Objective function value = 11099.6738523499  Maximum gradient component = 9.88953383945857e-05
# log_A50flom:
 1.52960181715145
# log_sdA50flom:
 0.952725585735390
# log_A50floh:
 1.59737508434325
# log_sdA50floh:
 0.495881815776576
# log_A50cruh:
 1.32788779774465 1.54538785580318
# log_sdA50cruh:
 0.0443478125187870 0.168103658271941
# log_A50crum:
 1.93999595227014 1.29499516807017
# log_sdA50crum:
 1.82643971674793 0.896825114871014
# log_Ro:
5.82207079618
# log_propmR:
-0.693140000000
# log_dev_Ro:
 0.550628450168 -0.0235391595790 0.874152931345 0.368933971632 0.807101638213 0.684664736566 0.192804156246 -0.150979360701 -0.349022600042 0.0227669562321 -0.616921465987 -0.282260294520 0.0165457116970 0.303503481156 0.657406926842 0.194204802430 0.679264493398 0.582601546547 0.495285670936 0.336275433776 0.107548081163 0.336164700624 -0.230209819953 -0.426942099261 0.0710328916820 -0.0513285959761 -0.347112731904 -0.774437799361 -0.686420156136 -0.777210418557 -0.980087446897 -0.875795301433 -0.661293417085 0.0702440858498 -0.117569999112
# log_dev_Nom:
 -0.120329185901 -0.369577343428 -0.412386706630 -0.415511725970 -0.410754386046 -0.361244429147 -0.278685871559 -0.194509301116 -0.126372266806 -0.0785603595645 -0.0574170217554
# log_dev_Noh:
 0.0603805646960 -0.134388927167 -0.170354733343 -0.168168608278 -0.210856704868 -0.218553019056 -0.172019616790 -0.118923816780 -0.0764736304673 -0.0473073573329 -0.0329352213499
# log_Fm:
 -1.22554107304 -0.881785746693 -0.791512982917 -0.541141372057 -1.25022414145 -0.634904298286 -0.754657859278 -1.31617684286 -2.32436634170 -1.51363797210 -1.38447584956 -0.904798501118 -0.602432997949 -0.508553194894 -0.200000005758 -0.200000001266 -0.601298744143 -2.08084412069 -1.44388673024 -1.99755409413 -1.57230770911 -1.63213654451 -1.75201335822 -1.74301216242 -1.83405604356 -1.82913206294 -2.03806907988 -1.64162369858 -1.91144980710 -1.99382722806 -1.56867324972 -1.49496076974 -1.46647743457 -1.37679087881 -1.37011842745
# log_Fh:
 -1.15182563167 -0.778203695077 -0.615294595600 -0.200000042900 -0.835784726717 -0.200000012159 -0.200000013594 -0.812245613352 -1.95896112471 -1.07273673506 -1.35444525973 -1.13758596999 -0.750175116870 -0.200000068525 -0.476293092336 -0.805947599620 -0.200000021063 -1.80702655363 -1.15775937783 -1.54649557808 -1.36352359454 -1.66717125547 -1.71726230867 -1.74232999392 -1.65943848953 -1.68541252914 -1.54129742238 -1.91367434095 -2.13958210748 -2.20728611516 -1.54386408401 -1.83440017365 -1.73199025967 -1.94854914703 -1.99986430042
# log_qflo:
 -9.25381720658
# log_qcru:
 0.309943454468 -0.0690651712392
# log_Lom:
3.06839680076
# log_cv_edadm:
-2.55124340038
# log_Loh:
2.25668010446
# log_cv_edadh:
-2.65048252058
# log_Mh:
-1.20397280433
# log_Mm:
-1.20397280433
# log_Fref:
 -0.576950528893 -1.03118261130 -1.23741513103 -1.39808616423
