# Number of parameters = 148 Objective function value = 15834.2080045796  Maximum gradient component = 0.000127927868690836
# log_L50flom:
 1.98685245959907
# log_sdL50flomL:
 0.939282652449506
# log_L50floh:
 1.51901566595203
# log_sdL50flohL:
 0.289793811809701
# log_L50crum:
 2.24075627068408
# log_sdL50crumL:
 1.29327605564433
# log_L50cruh:
 1.57661814783229
# log_sdL50cruhL:
 0.804632739461362
# log_Ro:
5.17076381785
# log_propmR:
-0.693140000000
# log_dev_Ro:
 0.430353256263 -0.173412534252 -0.166499022790 -0.338484912786 -0.213949684397 1.28744029083 -0.716343004403 -0.658111098406 -1.38353349961 -1.52346625716 -1.29371481378 -0.433671080961 -0.0753765121945 0.814804692540 0.907620499536 0.982072754780 0.324365185401 1.14084578290 0.412699553347 0.791416393621 0.545311828261 0.657673061929 0.0166051524341 -0.376244216086 -0.177963001051 -0.564233965628 -0.226057950588 -0.164115394879 0.112281860442 -0.224741997754 -0.364323649981 -0.472047346293 0.988814362384 0.941852879635 -0.567178701613 -0.240688909693
# log_dev_Nom:
 -0.0793170864722 -0.204144629882 -0.385152316593 -0.387356211819 -0.104409806927 0.266677845637 0.219367784438 0.0926199365053 0.0370823550441 0.0129442921735 0.00271567367805
# log_dev_Noh:
 -0.528556821540 -1.15279072547 -1.21729011627 -1.17888414875 -1.08221769888 -0.907315995918 -0.713230324575 -0.533360630036 -0.373172859212 -0.249813108446 -0.199194135158
# log_Fm:
 -0.359429821970 -0.236291852769 -0.0560452848075 0.0979637625385 0.999999961959 0.392524834103 0.999999961539 -0.173820518491 -0.970285054365 -1.15949818657 -1.60853150654 -3.82891364385 -0.518011532751 0.508189203778 0.999999997128 0.999999996904 -3.49049206473 -1.71749820778 -2.78707446039 -3.47609748727 -3.67967975402 0.834688081803 -0.362132777894 0.165949423158 -0.469417836951 0.279946079793 -0.326125728056 0.704123052247 -0.912580064593 -1.33265871711 -0.504054801876 -0.440972892634 -0.558740110580 -0.541368002067 -0.169433966306 0.768871115575
# log_Fh:
 -1.32020358091 -1.68679626251 -1.66126350236 -1.68603085842 -1.65059335592 -2.28969380242 -0.852872154330 -1.45802751642 -0.396132814781 -1.10847273117 -0.808231905874 -4.39178400319 -0.936803776914 -0.265598702046 -0.556108749656 -0.674863083509 -5.34518910288 -2.69811404857 -3.60225765421 -4.27668756116 -4.16362675513 -0.555344359168 -2.16637075855 -2.05114537892 -2.88531047467 0.723748794971 -1.95242269143 -0.507234028871 -2.27360637718 -2.16077530558 -1.65443126475 -2.30844542421 -2.40249297765 -2.30363048774 -1.86769696890 -1.20183781270
# log_qflo:
 -8.25049870959
# log_qcru:
 1.20262919974 1.46576182564
# log_Lom:
2.94443897917
# log_cv_edadm:
-2.38550528607
# log_Loh:
2.89037175790
# log_cv_edadh:
-2.78266042487
# log_Mh:
-1.20397280433
# log_Mm:
-1.20397280433
# log_Fref:
 -0.0507953131193 -0.612289190396 -0.854869378322 -0.993960274304
