# Number of parameters = 148 Objective function value = 15940.9826963256  Maximum gradient component = 8.04332174726739e-05
# log_L50flom:
 1.94886403807256
# log_sdL50flomL:
 0.919022648476375
# log_L50floh:
 1.42632573386897
# log_sdL50flohL:
 0.225587735896633
# log_L50crum:
 2.14672501477934
# log_sdL50crumL:
 1.25767435435033
# log_L50cruh:
 1.47579435115273
# log_sdL50cruhL:
 0.771967415675735
# log_Ro:
5.10248430488
# log_propmR:
-0.693140000000
# log_dev_Ro:
 0.0242019186069 -0.0622799224342 -0.0155070457562 -0.0117657824791 -0.0928319978048 1.34576344863 -0.0543420714210 -0.437363374182 -1.35483191849 -1.68937657347 -1.43773926351 -0.679103115529 -0.278109936578 0.530453753069 0.574226027466 0.688683747555 0.0667489734640 0.817289756130 0.551830157669 0.238882170806 0.313426960678 0.263181371408 0.452481886359 -0.518629712649 0.175939331695 -0.253313082624 0.105363501707 0.00649478454405 0.210542622394 -0.0632206834924 -0.299216141031 -0.492011285713 0.700667496446 1.28251713003 -0.467801221580 -0.141251909918
# log_dev_Nom:
 -0.293582286172 -0.331493950363 -0.211645195845 0.162643788801 1.61841947207 0.670332242459 0.678136886569 0.367657801465 0.149147014677 0.0549159978687 0.00978403378797
# log_dev_Noh:
 -0.460548124313 -0.932828977409 -1.09014524373 -1.11895169223 -1.03466422076 -0.887430439569 -0.733028972884 -0.585090598708 -0.446893943871 -0.327526362545 -0.342275614884
# log_Fm:
 -0.224988138924 -0.137539353723 0.0333580118681 0.487504678521 0.999999786046 0.600950214577 0.999999908066 -0.415702737129 -1.39951085357 -1.97449972928 -2.49414401121 -4.02903605928 -0.427834231866 0.375561735098 0.999999998797 0.999999996451 -3.25101125220 -1.25402058805 -2.20068367629 -2.90457122237 -3.03205726675 -1.26339214004 -1.17981466156 -0.240065868419 -0.100584762100 -0.566011694266 0.0583960745345 -0.383251970874 -0.844623268831 -1.12894823303 -0.545521144763 -0.370195886293 -0.254625311256 -0.188039963740 0.0156551672479 0.299159829006
# log_Fh:
 -1.77743805334 -2.14076697148 -2.14921587569 -2.16461230905 -2.86763968751 -2.86270396361 -0.674109323467 -1.61779224250 -1.29207641937 -1.37429580277 -1.09323796133 -5.12159101386 -0.729844828346 -0.233223964128 -0.363907776840 -0.784882127189 -6.01709206291 -3.90111653711 -4.49599278225 -5.10223189009 -5.05355825138 -2.68740467206 -2.72390104328 -2.23277152860 -2.38469481277 0.363043845624 -1.77609319305 -1.91348506494 -2.37884820750 -2.12104226303 -1.86107864289 -2.39120428692 -2.21220855845 -2.05095582654 -1.79084958299 -1.68162621172
# log_qflo:
 -8.46874410525
# log_qcru:
 1.19744493996 1.19008757996
# log_Lom:
2.94443897917
# log_cv_edadm:
-2.36605087938
# log_Loh:
2.94443897917
# log_cv_edadh:
-2.78466360469
# log_Mh:
-1.20397280433
# log_Mm:
-1.20397280433
# log_Fref:
 -0.194253919236 -0.723250839038 -0.954700553999 -2.29484142888
