# Number of parameters = 148 Objective function value = 22119.7217076079  Maximum gradient component = 1.79179739928335e-06
# log_L50flom:
 1.74584438582890
# log_sdL50flomL:
 0.847961156354592
# log_L50floh:
 1.33046666241799
# log_sdL50flohL:
 0.0756034702962096
# log_L50crum:
 1.75964037151739
# log_sdL50crumL:
 1.11006172490122
# log_L50cruh:
 1.30628513832008
# log_sdL50cruhL:
 0.627813496321550
# log_Ro:
5.49667445339
# log_propmR:
-0.693140000000
# log_dev_Ro:
 -0.0145347723173 0.105010969079 -0.0401847260213 0.287567369217 0.601001758223 0.315553718157 -0.156502375993 -0.721279525124 -1.14305885897 -1.50366917263 -1.18463128263 -0.572971012207 0.0526479846210 0.694475109291 0.898156598422 0.660442519584 0.191432802611 0.624615388066 0.584668065985 0.188447990108 0.344466742965 0.0193943037245 0.747974932588 -0.316167052135 0.129280272776 -0.295213515075 -0.220627802402 -0.0465989105168 -0.0812453613439 -0.255050595688 -0.447398121765 -0.556314519793 0.606230094300 1.12247039606 -0.597825251267 -0.0205641598978
# log_dev_Nom:
 0.387990507237 0.305547309800 0.335453430040 0.358553586765 0.308766306744 0.234601786634 0.135310013109 0.0630626976587 0.0266477568933 0.0108792414247 0.00262584092642
# log_dev_Noh:
 -0.487208628527 -0.401680834559 -0.353452826399 -0.357284125852 -0.316320341364 -0.262640541614 -0.212644281362 -0.166553686282 -0.124408605166 -0.0925263613932 -0.135027904534
# log_Fm:
 -0.393611483315 -0.200000036788 -2.11153415659 -0.200000004744 -0.759647053996 -1.82888582714 -18.5528666495 -18.8031817052 -18.8247566138 -18.7426826531 -4.92642448059 -19.0762318866 -1.17547308721 -0.200000006002 -0.200000001024 -0.989868991327 -19.6308522162 -19.5620245454 -19.7052412808 -19.7390569540 -12.4009855901 -2.56336444442 -2.43071830185 -1.61237948305 -1.52428270141 -1.86113522822 -1.51027184389 -2.02653807174 -2.30600502710 -2.43948715469 -1.72536297668 -1.53837370312 -1.41247910818 -1.34527912840 -1.15993262109 -0.992997253350
# log_Fh:
 -2.58287763206 -2.58335395146 -0.200000010756 -2.58315231036 -2.58361296738 -2.58357160451 -0.473524321676 -1.55084473021 -1.71397313660 -1.70037749831 -1.33922802963 -4.14836140920 -0.966452034954 -0.458970358214 -1.00497143674 -1.80543563983 -5.53648225810 -3.39940311876 -4.07531226623 -4.48510078205 -4.26532270443 -3.34967289931 -3.37391074536 -2.94436400309 -3.05858660698 -1.99942464122 -3.31142343645 -3.28721445521 -3.46611288531 -3.00671558725 -2.55666728489 -2.96429021778 -2.69866645288 -2.48841520410 -2.24064557600 -2.22748875649
# log_qflo:
 -9.42930145383
# log_qcru:
 -0.168828181412 0.0232892643797
# log_Lom:
2.94443897917
# log_cv_edadm:
-2.60273206767
# log_Loh:
2.94443897917
# log_cv_edadh:
-2.88409409004
# log_Mh:
-1.20397280433
# log_Mm:
-1.20397280433
# log_Fref:
 -0.258502895734 -0.809040143048 -1.04276086459 -1.17646760849
