# nyrs 
 34 

# nages 
 11 

# ntallas 
 43 

# Ind
1987 2779.0 0.46881 00000.0 0.000 0.1 0.15 0.3 0.05 89.7040197973301 54.5362287566091 171.314092635134 94.2878752564824
1988 3630.0 0.47149 00000.0 0.000 0.1 0.15 0.3 0.05 89.7040197973301 54.5362287566091 171.314092635134 94.2878752564824
1989 2081.0 0.61178 00000.0 0.000 0.1 0.15 0.3 0.05 89.7040197973301 54.5362287566091 171.314092635134 94.2878752564824
1990 4865.0 0.86657 00000.0 0.000 0.1 0.15 0.3 0.05 89.7040197973301 54.5362287566091 171.314092635134 94.2878752564824
1991 4570.0 0.98259 00000.0 0.000 0.1 0.15 0.3 0.05 89.7040197973301 54.5362287566091 171.314092635134 94.2878752564824
1992 2945.0 1.39054 00000.0 0.000 0.1 0.15 0.3 0.05 89.7040197973301 54.5362287566091 171.314092635134 94.2878752564824
1993 1368.0 0.91918 00000.0 0.494 0.1 0.15 0.3 0.05 89.7040197973301 54.5362287566091 171.314092635134 94.2878752564824
1994 3845.0 0.98321 00000.0 0.519 0.1 0.15 0.3 0.05 89.7040197973301 54.5362287566091 171.314092635134 94.2878752564824
1995 4314.0 1.06918 00000.0 0.438 0.1 0.15 0.3 0.05 89.7040197973301 54.5362287566091 171.314092635134 94.2878752564824
1996 6328.0 1.19483 00000.0 0.385 0.1 0.15 0.3 0.05 89.7040197973301 54.5362287566091 171.314092635134 94.2878752564824
1997 6370.0 1.26528 00000.0 0.398 0.1 0.15 0.3 0.05 89.7040197973301 54.5362287566091 171.314092635134 94.2878752564824
1998 4598.0 1.09711 00000.0 0.450 0.1 0.15 0.3 0.05 89.7040197973301 54.5362287566091 171.314092635134 94.2878752564824
1999 4498.0 0.54270 00000.0 0.339 0.1 0.15 0.3 0.05 89.7040197973301 54.5362287566091 171.314092635134 94.2878752564824
2000 4325.0 0.55184 08217.0 0.282 0.1 0.15 0.3 0.05 89.7040197973301 54.5362287566091 171.314092635134 94.2878752564824
2001 2156.9 0.60446 05264.0 0.482 0.1 0.15 0.3 0.05 89.7040197973301 54.5362287566091 171.314092635134 94.2878752564824
2002 0753.4 0.50762 09371.0 0.458 0.1 0.15 0.3 0.05 89.7040197973301 54.5362287566091 171.314092635134 94.2878752564824
2003 2045.6 0.60575 06875.0 0.474 0.1 0.15 0.3 0.05 89.7040197973301 54.5362287566091 171.314092635134 94.2878752564824
2004 1676.8 1.01336 24859.9 0.528 0.1 0.15 0.3 0.05 89.7040197973301 54.5362287566091 171.314092635134 94.2878752564824
2005 2811.0 1.17561 33179.5 0.467 0.1 0.15 0.3 0.05 89.7040197973301 54.5362287566091 171.314092635134 94.2878752564824
2006 2848.7 1.26752 20225.3 0.422 0.1 0.15 0.3 0.05 89.7040197973301 54.5362287566091 171.314092635134 94.2878752564824
2007 2849.6 1.39300 24847.7 0.455 0.1 0.15 0.3 0.05 89.7040197973301 54.5362287566091 171.314092635134 94.2878752564824
2008 2975.2 1.80226 18869.7 0.458 0.1 0.15 0.3 0.05 89.7040197973301 54.5362287566091 171.314092635134 94.2878752564824
2009 2849.9 1.73747 28020.2 0.506 0.1 0.15 0.3 0.05 89.7040197973301 54.5362287566091 171.314092635134 94.2878752564824
2010 2761.4 1.14420 00000.0 0.499 0.1 0.15 0.3 0.05 89.7040197973301 54.5362287566091 171.314092635134 94.2878752564824
2011 2494.6 1.54477 18157.4 0.586 0.1 0.15 0.3 0.05 89.7040197973301 54.5362287566091 171.314092635134 94.2878752564824
2012 2609.4 1.57771 11102.2 0.392 0.1 0.15 0.3 0.05 89.7040197973301 54.5362287566091 171.314092635134 94.2878752564824
2013 1863.6 1.18855 12321.5 0.404 0.1 0.15 0.3 0.05 89.7040197973301 54.5362287566091 171.314092635134 94.2878752564824
2014 1645.6 1.45572 12040.0 0.416 0.1 0.15 0.3 0.05 89.7040197973301 54.5362287566091 171.314092635134 94.2878752564824
2015 2548.9 0.86210 05553.0 0.483 0.1 0.15 0.3 0.05 89.7040197973301 54.5362287566091 171.314092635134 94.2878752564824
2016 2247.9 0.85257 11381.0 0.403 0.1 0.15 0.3 0.05 89.7040197973301 54.5362287566091 171.314092635134 94.2878752564824
2017 2033.1 0.86368 08214.0 0.426 0.1 0.15 0.3 0.05 89.7040197973301 54.5362287566091 171.314092635134 94.2878752564824
2018 1723.8 1.11814 06708.0 0.360 0.1 0.15 0.3 0.05 89.7040197973301 54.5362287566091 171.314092635134 94.2878752564824
2019 1460.4 0.94213 05712.0 0.350 0.1 0.15 0.3 0.05 89.7040197973301 54.5362287566091 171.314092635134 94.2878752564824
2020 1440.9 0.87339 04962.0 0.439 0.1 0.15 0.3 0.05 89.7040197973301 54.5362287566091 171.314092635134 94.2878752564824

# edades 
 1 2 3 4 5 6 7 8 9 10 11 

# tallas 
 10 11 12 13 14 15 16 17 18 19 20 21 22 23 24 25 26 27 28 29 30 31 32 33 34 35 36 37 38 39 40 41 42 43 44 45 46 47 48 49 50 51 52 

# ETflom 
0.00000 0.00000 0.00000 0.00000 0.00000 0.00000 0.00000 0.00000 0.00000 0.00000 0.00000 0.00000 0.00000 0.00000 0.00000 0.00000 0.00000 0.00000 0.00000 0.00000 0.00000 0.00000 0.00000 0.00000 0.00000 0.00000 0.00000 0.00000 0.00000 0.00000 0.00000 0.00000 0.00000 0.00000 0.00000 0.00000 0.00000 0.00000 0.00000 0.00000 0.00000 0.00000 0.00000
0.00000 0.00000 0.00000 0.00000 0.00000 0.00000 0.00000 0.00000 0.00000 0.00000 0.00000 0.00000 0.00000 0.00000 0.00000 0.00000 0.00000 0.00000 0.00000 0.00000 0.00000 0.00000 0.00000 0.00000 0.00000 0.00000 0.00000 0.00000 0.00000 0.00000 0.00000 0.00000 0.00000 0.00000 0.00000 0.00000 0.00000 0.00000 0.00000 0.00000 0.00000 0.00000 0.00000
0.00000 0.00000 0.00000 0.00000 0.00000 0.00000 0.00000 0.00000 0.00000 0.00000 0.00000 0.00000 0.00000 0.00000 0.00000 0.00000 0.00000 0.00000 0.00000 0.00000 0.00000 0.00000 0.00000 0.00000 0.00000 0.00000 0.00000 0.00000 0.00000 0.00000 0.00000 0.00000 0.00000 0.00000 0.00000 0.00000 0.00000 0.00000 0.00000 0.00000 0.00000 0.00000 0.00000
0.00000 0.00000 0.00000 0.00000 0.00000 0.00000 0.00000 0.00000 0.00000 0.00000 0.00000 0.00000 0.00000 0.00000 0.00000 0.00000 0.00000 0.00000 0.00000 0.00000 0.00000 0.00000 0.00000 0.00000 0.00000 0.00000 0.00000 0.00000 0.00000 0.00000 0.00000 0.00000 0.00000 0.00000 0.00000 0.00000 0.00000 0.00000 0.00000 0.00000 0.00000 0.00000 0.00000
0.00000 0.00000 0.00000 0.00000 0.00000 0.00000 0.00000 0.00000 0.00000 0.00000 0.00000 0.00000 0.00000 0.00000 0.00000 0.00000 0.00000 0.00000 0.00000 0.00000 0.00000 0.00000 0.00000 0.00000 0.00000 0.00000 0.00000 0.00000 0.00000 0.00000 0.00000 0.00000 0.00000 0.00000 0.00000 0.00000 0.00000 0.00000 0.00000 0.00000 0.00000 0.00000 0.00000
0.00000 0.00000 0.00000 0.00000 0.00000 0.00000 0.00000 0.00000 0.00000 0.00000 0.00000 0.00000 0.00000 0.00000 0.00000 0.00000 0.00000 0.00000 0.00000 0.00000 0.00000 0.00000 0.00000 0.00000 0.00000 0.00000 0.00000 0.00000 0.00000 0.00000 0.00000 0.00000 0.00000 0.00000 0.00000 0.00000 0.00000 0.00000 0.00000 0.00000 0.00000 0.00000 0.00000
0.00000 0.00000 0.00000 0.00000 0.00000 0.00000 0.00000 0.00000 0.00000 0.00000 0.00000 0.00000 0.00000 0.00633 0.01899 0.01899 0.03797 0.02532 0.06329 0.05696 0.03797 0.05696 0.10127 0.08228 0.10127 0.06962 0.09494 0.08228 0.06329 0.03165 0.03797 0.00633 0.00633 0.00000 0.00000 0.00000 0.00000 0.00000 0.00000 0.00000 0.00000 0.00000 0.00000
0.00000 0.00000 0.00000 0.00000 0.00000 0.00000 0.00741 0.00000 0.00000 0.00741 0.00000 0.00000 0.00000 0.05185 0.06667 0.02222 0.05185 0.01481 0.04444 0.02222 0.02963 0.01481 0.05185 0.03704 0.05926 0.06667 0.06667 0.14074 0.02222 0.08889 0.03704 0.06667 0.01481 0.00741 0.00741 0.00000 0.00000 0.00000 0.00000 0.00000 0.00000 0.00000 0.00000
0.00000 0.00000 0.00000 0.00000 0.00000 0.00000 0.00000 0.00000 0.00057 0.00425 0.00671 0.01335 0.01763 0.01858 0.01731 0.01880 0.03751 0.02393 0.03754 0.03815 0.04027 0.03842 0.05039 0.05642 0.06561 0.10129 0.09052 0.08992 0.05320 0.04543 0.04819 0.04126 0.01899 0.01346 0.00104 0.00380 0.00235 0.00000 0.00278 0.00000 0.00235 0.00000 0.00000
0.00000 0.00000 0.00000 0.00000 0.00000 0.00015 0.00000 0.00033 0.00058 0.00090 0.00263 0.00191 0.00363 0.00527 0.00484 0.00478 0.01202 0.01225 0.01701 0.02348 0.01921 0.01931 0.01985 0.03148 0.03792 0.06337 0.09213 0.09878 0.08495 0.07888 0.06310 0.05581 0.04465 0.03373 0.02582 0.01569 0.01098 0.00200 0.00134 0.00000 0.00000 0.00000 0.00000
0.00000 0.00000 0.00000 0.00000 0.00000 0.00000 0.00000 0.00022 0.00000 0.00000 0.00000 0.00003 0.00008 0.00180 0.00039 0.00171 0.00351 0.00244 0.00471 0.00763 0.00926 0.01508 0.01395 0.01918 0.02407 0.02271 0.02693 0.03090 0.03815 0.05198 0.05851 0.07089 0.08919 0.09871 0.09670 0.09017 0.08258 0.06173 0.03857 0.02507 0.01004 0.00285 0.00028
0.00000 0.00000 0.00000 0.00000 0.00000 0.00000 0.00000 0.00000 0.00000 0.00000 0.00071 0.00039 0.00076 0.00076 0.00267 0.00452 0.00739 0.00829 0.00928 0.01993 0.01616 0.02641 0.03520 0.04551 0.05184 0.05576 0.06792 0.05923 0.06134 0.05927 0.04646 0.04519 0.04021 0.05291 0.05985 0.06208 0.05303 0.04036 0.03816 0.02295 0.00504 0.00043 0.00000
0.00022 0.00000 0.00000 0.00000 0.00000 0.00000 0.00000 0.00028 0.00103 0.00122 0.00112 0.00409 0.00285 0.00479 0.00743 0.01170 0.01261 0.01842 0.02430 0.03356 0.04214 0.05189 0.05648 0.06489 0.07287 0.08432 0.09443 0.09908 0.09751 0.07839 0.05322 0.03966 0.02352 0.01299 0.00383 0.00111 0.00006 0.00000 0.00000 0.00000 0.00000 0.00000 0.00000
0.00000 0.00000 0.00000 0.00000 0.00000 0.00000 0.00000 0.00000 0.00027 0.00078 0.00322 0.00730 0.01040 0.01738 0.02342 0.03024 0.04024 0.04470 0.05737 0.06617 0.07209 0.07843 0.07435 0.06884 0.06299 0.05923 0.05972 0.05474 0.04295 0.03438 0.02322 0.01634 0.01404 0.01232 0.00849 0.00586 0.00325 0.00336 0.00191 0.00096 0.00075 0.00030 0.00000
0.00000 0.00000 0.00000 0.00000 0.00000 0.00000 0.00000 0.00000 0.00000 0.00010 0.00024 0.00086 0.00284 0.00658 0.01506 0.02825 0.03935 0.05760 0.05616 0.06248 0.07233 0.06980 0.06963 0.06841 0.06225 0.04798 0.04666 0.04673 0.03855 0.03106 0.03341 0.02910 0.02365 0.02563 0.02215 0.02009 0.01202 0.00696 0.00318 0.00072 0.00016 0.00000 0.00000
0.00000 0.00000 0.00000 0.00000 0.00019 0.00031 0.00077 0.00467 0.00342 0.00731 0.01139 0.01711 0.03028 0.03299 0.06028 0.07361 0.07715 0.08449 0.07558 0.08616 0.08329 0.07887 0.05939 0.05325 0.03739 0.03446 0.02923 0.02118 0.01463 0.00840 0.00481 0.00423 0.00151 0.00089 0.00144 0.00027 0.00087 0.00018 0.00000 0.00000 0.00000 0.00000 0.00000
0.00000 0.00000 0.00000 0.00000 0.00000 0.00005 0.00013 0.00009 0.00097 0.00280 0.00359 0.00612 0.00994 0.01554 0.02298 0.03042 0.03807 0.04813 0.05531 0.05938 0.05459 0.06113 0.05743 0.05894 0.06952 0.07122 0.07849 0.07379 0.06116 0.04513 0.02817 0.01755 0.01143 0.00823 0.00418 0.00222 0.00127 0.00091 0.00069 0.00031 0.00013 0.00000 0.00000
0.00000 0.00000 0.00000 0.00000 0.00000 0.00000 0.00000 0.00000 0.00000 0.00007 0.00063 0.00060 0.00132 0.00271 0.00336 0.00284 0.00682 0.01130 0.01919 0.02870 0.04123 0.05499 0.06344 0.05688 0.05575 0.05171 0.05449 0.06526 0.07419 0.07432 0.08907 0.07610 0.05838 0.04021 0.03063 0.01653 0.00948 0.00449 0.00282 0.00089 0.00128 0.00033 0.00000
0.00001 0.00001 0.00002 0.00009 0.00016 0.00007 0.00017 0.00023 0.00025 0.00042 0.00060 0.00082 0.00269 0.00486 0.00993 0.01293 0.01870 0.02272 0.03585 0.04119 0.05191 0.05288 0.06464 0.05983 0.06820 0.07086 0.07030 0.06833 0.06356 0.04993 0.05198 0.04603 0.04146 0.03613 0.02235 0.01420 0.00748 0.00411 0.00272 0.00108 0.00019 0.00000 0.00005
0.00000 0.00000 0.00000 0.00000 0.00000 0.00002 0.00002 0.00009 0.00011 0.00050 0.00043 0.00138 0.00258 0.00375 0.00755 0.01257 0.01443 0.01629 0.02654 0.03280 0.04411 0.05986 0.07300 0.08219 0.08520 0.07350 0.06424 0.06198 0.05570 0.04374 0.03644 0.03986 0.03743 0.03828 0.03535 0.02199 0.01398 0.00787 0.00435 0.00158 0.00022 0.00006 0.00000
0.00000 0.00000 0.00000 0.00000 0.00000 0.00000 0.00000 0.00000 0.00000 0.00000 0.00000 0.00000 0.00000 0.00013 0.00009 0.00078 0.00234 0.00214 0.00500 0.01008 0.01002 0.01954 0.03187 0.03406 0.04473 0.04912 0.05805 0.05686 0.07826 0.07818 0.09627 0.09355 0.09310 0.07739 0.06132 0.04285 0.02192 0.01746 0.00662 0.00371 0.00132 0.00159 0.00072
0.00000 0.00000 0.00000 0.00000 0.00000 0.00000 0.00000 0.00000 0.00000 0.00000 0.00000 0.00000 0.00083 0.00145 0.00193 0.00489 0.00453 0.00713 0.01022 0.00983 0.01634 0.01974 0.01838 0.02346 0.03186 0.03455 0.04295 0.04855 0.05589 0.08077 0.09983 0.09837 0.11612 0.10417 0.07612 0.04567 0.02502 0.01503 0.00516 0.00122 0.00000 0.00000 0.00000
0.00000 0.00000 0.00000 0.00000 0.00000 0.00000 0.00000 0.00000 0.00000 0.00000 0.00000 0.00000 0.00069 0.00000 0.00024 0.00017 0.00045 0.00223 0.00398 0.00581 0.01120 0.01506 0.02192 0.02333 0.02393 0.02953 0.03400 0.04779 0.05695 0.08236 0.10824 0.12858 0.12556 0.11086 0.08387 0.04347 0.02641 0.00791 0.00342 0.00176 0.00030 0.00000 0.00000
0.00000 0.00000 0.00000 0.00000 0.00000 0.00000 0.00000 0.00000 0.00000 0.00000 0.00000 0.00000 0.00005 0.00009 0.00024 0.00056 0.00073 0.00351 0.00299 0.00396 0.00607 0.01117 0.01724 0.02634 0.03045 0.04815 0.04982 0.06530 0.06600 0.08850 0.10784 0.10777 0.11962 0.11114 0.06662 0.04039 0.01875 0.00453 0.00181 0.00026 0.00007 0.00000 0.00000
0.00000 0.00000 0.00000 0.00000 0.00000 0.00000 0.00000 0.00000 0.00000 0.00000 0.00000 0.00000 0.00000 0.00000 0.00082 0.00106 0.00154 0.00332 0.00576 0.01035 0.01901 0.02735 0.02789 0.03992 0.04371 0.06336 0.06162 0.05862 0.06119 0.06981 0.07262 0.07450 0.08655 0.08994 0.07810 0.05624 0.02840 0.01097 0.00551 0.00105 0.00079 0.00000 0.00000
0.00000 0.00000 0.00000 0.00000 0.00000 0.00000 0.00000 0.00000 0.00000 0.00000 0.00000 0.00000 0.00000 0.00010 0.00000 0.00007 0.00038 0.00085 0.00189 0.00432 0.01068 0.02168 0.03169 0.04652 0.05099 0.07938 0.07744 0.09433 0.10799 0.10454 0.08289 0.07403 0.05445 0.04830 0.04137 0.03262 0.01994 0.00862 0.00264 0.00206 0.00024 0.00000 0.00000
0.00000 0.00000 0.00000 0.00000 0.00000 0.00000 0.00000 0.00000 0.00022 0.00245 0.00276 0.00121 0.00144 0.00362 0.00280 0.00524 0.00440 0.00479 0.01291 0.01499 0.02259 0.03770 0.06000 0.07675 0.06723 0.08033 0.07272 0.06968 0.06396 0.06977 0.06080 0.06037 0.05030 0.04831 0.03561 0.03300 0.01410 0.01299 0.00384 0.00262 0.00043 0.00000 0.00007
0.00000 0.00000 0.00000 0.00000 0.00000 0.00000 0.00000 0.00000 0.00000 0.00000 0.00000 0.00000 0.00000 0.00000 0.00000 0.00204 0.00327 0.00987 0.01707 0.02756 0.03540 0.04034 0.05253 0.04702 0.04303 0.03604 0.05048 0.05803 0.07156 0.07721 0.06162 0.07407 0.07062 0.07460 0.05666 0.04547 0.01994 0.01739 0.00426 0.00345 0.00045 0.00000 0.00000
0.00000 0.00000 0.00000 0.00000 0.00000 0.00000 0.00000 0.00000 0.00000 0.00000 0.00003 0.00007 0.00014 0.00031 0.00075 0.00128 0.00383 0.00470 0.00882 0.01073 0.01846 0.02677 0.02908 0.03421 0.04143 0.04921 0.06464 0.08196 0.10054 0.09854 0.09689 0.09691 0.07331 0.06138 0.04346 0.02481 0.01719 0.00622 0.00267 0.00143 0.00010 0.00010 0.00000
0.00000 0.00000 0.00000 0.00000 0.00008 0.00008 0.00056 0.00101 0.00064 0.00024 0.00085 0.00084 0.00114 0.00210 0.00285 0.00272 0.00315 0.00394 0.00661 0.01125 0.01800 0.02169 0.03105 0.03381 0.04684 0.05548 0.07645 0.08724 0.10829 0.11687 0.11106 0.09283 0.06925 0.04361 0.02668 0.01358 0.00552 0.00304 0.00048 0.00019 0.00000 0.00000 0.00000
0.00000 0.00000 0.00000 0.00000 0.00000 0.00000 0.00000 0.00000 0.00000 0.00000 0.00003 0.00000 0.00044 0.00052 0.00070 0.00190 0.00250 0.00259 0.00462 0.00863 0.01566 0.02231 0.02957 0.03335 0.03096 0.03308 0.04125 0.05690 0.08208 0.10070 0.11245 0.11013 0.09539 0.08063 0.05648 0.02682 0.02249 0.01171 0.00779 0.00699 0.00116 0.00016 0.00000
0.00000 0.00000 0.00000 0.00000 0.00000 0.00000 0.00000 0.00006 0.00031 0.00006 0.00041 0.00032 0.00005 0.00047 0.00133 0.00226 0.00254 0.00590 0.00970 0.01296 0.01536 0.02236 0.02691 0.03002 0.03580 0.04322 0.04297 0.05362 0.06724 0.07558 0.08342 0.10321 0.09292 0.08589 0.07029 0.05063 0.03238 0.01560 0.01007 0.00473 0.00098 0.00029 0.00013
0.00000 0.00000 0.00000 0.00000 0.00000 0.00000 0.00000 0.00000 0.00000 0.00008 0.00016 0.00030 0.00014 0.00084 0.00105 0.00191 0.00340 0.00733 0.01385 0.02286 0.03121 0.04244 0.05368 0.05083 0.05491 0.06162 0.06279 0.06302 0.06358 0.06989 0.07388 0.08214 0.07416 0.06519 0.04516 0.02419 0.01571 0.00729 0.00378 0.00238 0.00007 0.00012 0.00003
0.00000 0.00000 0.00000 0.00000 0.00000 0.00000 0.00000 0.00000 0.00000 0.00000 0.00000 0.00000 0.00061 0.00061 0.00000 0.00000 0.00117 0.00000 0.00021 0.00328 0.00586 0.00952 0.01530 0.02129 0.03660 0.03950 0.04824 0.05303 0.07428 0.09031 0.11153 0.11981 0.12123 0.09322 0.06808 0.04379 0.02201 0.00959 0.00552 0.00329 0.00149 0.00062 0.00000

# ETfloh 
0.00000 0.00000 0.00000 0.00000 0.00000 0.00000 0.00000 0.00000 0.00000 0.00000 0.00000 0.00000 0.00000 0.00000 0.00000 0.00000 0.00000 0.00000 0.00000 0.00000 0.00000 0.00000 0.00000 0.00000 0.00000 0.00000 0.00000 0.00000 0.00000 0.00000 0.00000 0.00000 0.00000 0.00000 0.00000 0.00000 0.00000 0.00000 0.00000 0.00000 0.00000 0.00000 0.00000
0.00000 0.00000 0.00000 0.00000 0.00000 0.00000 0.00000 0.00000 0.00000 0.00000 0.00000 0.00000 0.00000 0.00000 0.00000 0.00000 0.00000 0.00000 0.00000 0.00000 0.00000 0.00000 0.00000 0.00000 0.00000 0.00000 0.00000 0.00000 0.00000 0.00000 0.00000 0.00000 0.00000 0.00000 0.00000 0.00000 0.00000 0.00000 0.00000 0.00000 0.00000 0.00000 0.00000
0.00000 0.00000 0.00000 0.00000 0.00000 0.00000 0.00000 0.00000 0.00000 0.00000 0.00000 0.00000 0.00000 0.00000 0.00000 0.00000 0.00000 0.00000 0.00000 0.00000 0.00000 0.00000 0.00000 0.00000 0.00000 0.00000 0.00000 0.00000 0.00000 0.00000 0.00000 0.00000 0.00000 0.00000 0.00000 0.00000 0.00000 0.00000 0.00000 0.00000 0.00000 0.00000 0.00000
0.00000 0.00000 0.00000 0.00000 0.00000 0.00000 0.00000 0.00000 0.00000 0.00000 0.00000 0.00000 0.00000 0.00000 0.00000 0.00000 0.00000 0.00000 0.00000 0.00000 0.00000 0.00000 0.00000 0.00000 0.00000 0.00000 0.00000 0.00000 0.00000 0.00000 0.00000 0.00000 0.00000 0.00000 0.00000 0.00000 0.00000 0.00000 0.00000 0.00000 0.00000 0.00000 0.00000
0.00000 0.00000 0.00000 0.00000 0.00000 0.00000 0.00000 0.00000 0.00000 0.00000 0.00000 0.00000 0.00000 0.00000 0.00000 0.00000 0.00000 0.00000 0.00000 0.00000 0.00000 0.00000 0.00000 0.00000 0.00000 0.00000 0.00000 0.00000 0.00000 0.00000 0.00000 0.00000 0.00000 0.00000 0.00000 0.00000 0.00000 0.00000 0.00000 0.00000 0.00000 0.00000 0.00000
0.00000 0.00000 0.00000 0.00000 0.00000 0.00000 0.00000 0.00000 0.00000 0.00000 0.00000 0.00000 0.00000 0.00000 0.00000 0.00000 0.00000 0.00000 0.00000 0.00000 0.00000 0.00000 0.00000 0.00000 0.00000 0.00000 0.00000 0.00000 0.00000 0.00000 0.00000 0.00000 0.00000 0.00000 0.00000 0.00000 0.00000 0.00000 0.00000 0.00000 0.00000 0.00000 0.00000
0.00000 0.00000 0.00000 0.00000 0.00000 0.00000 0.00000 0.00000 0.00000 0.00000 0.00000 0.00000 0.00000 0.00000 0.00606 0.01818 0.01818 0.07273 0.09091 0.11515 0.14545 0.16364 0.13939 0.13939 0.05455 0.02424 0.01212 0.00000 0.00000 0.00000 0.00000 0.00000 0.00000 0.00000 0.00000 0.00000 0.00000 0.00000 0.00000 0.00000 0.00000 0.00000 0.00000
0.00000 0.00000 0.00000 0.00000 0.00000 0.00000 0.00000 0.00000 0.00000 0.00000 0.00000 0.00000 0.02041 0.00000 0.02721 0.04762 0.09524 0.10884 0.17007 0.14286 0.10204 0.07483 0.06122 0.05442 0.04762 0.03401 0.00680 0.00680 0.00000 0.00000 0.00000 0.00000 0.00000 0.00000 0.00000 0.00000 0.00000 0.00000 0.00000 0.00000 0.00000 0.00000 0.00000
0.00000 0.00000 0.00000 0.00000 0.00000 0.00000 0.00000 0.00000 0.00017 0.00090 0.00433 0.00617 0.00912 0.01352 0.02821 0.03594 0.06683 0.09191 0.08960 0.08386 0.07712 0.08076 0.08069 0.07317 0.05296 0.05691 0.05555 0.04017 0.02816 0.01985 0.00050 0.00310 0.00050 0.00000 0.00000 0.00000 0.00000 0.00000 0.00000 0.00000 0.00000 0.00000 0.00000
0.00000 0.00000 0.00000 0.00000 0.00000 0.00000 0.00000 0.00004 0.00058 0.00038 0.00143 0.00287 0.00202 0.00234 0.00360 0.00766 0.01169 0.01320 0.02145 0.03827 0.04569 0.06392 0.06022 0.06723 0.08838 0.08775 0.07941 0.07588 0.06897 0.06255 0.03465 0.02830 0.01903 0.00054 0.00039 0.00000 0.00000 0.00000 0.00000 0.00000 0.00000 0.00000 0.00000
0.00000 0.00000 0.00000 0.00000 0.00000 0.00000 0.00051 0.00051 0.00074 0.00000 0.00093 0.00062 0.00631 0.00541 0.01109 0.01607 0.02524 0.04081 0.05152 0.06555 0.09081 0.10760 0.10990 0.10452 0.10283 0.07589 0.06223 0.04915 0.03044 0.02177 0.01000 0.00754 0.00131 0.00030 0.00029 0.00014 0.00000 0.00000 0.00000 0.00000 0.00000 0.00000 0.00000
0.00000 0.00000 0.00000 0.00000 0.00000 0.00000 0.00000 0.00000 0.00000 0.00148 0.00231 0.00219 0.00633 0.01693 0.02094 0.01893 0.02901 0.04147 0.05288 0.06381 0.06384 0.06503 0.06080 0.05549 0.05696 0.06769 0.07753 0.07005 0.06918 0.04678 0.03771 0.02936 0.01724 0.01149 0.00711 0.00446 0.00139 0.00135 0.00025 0.00000 0.00000 0.00000 0.00000
0.00000 0.00000 0.00000 0.00000 0.00100 0.00208 0.00396 0.00454 0.00732 0.01185 0.01812 0.02150 0.02946 0.03272 0.04503 0.05614 0.08112 0.08406 0.13149 0.18131 0.12255 0.06547 0.03596 0.03077 0.01301 0.00795 0.00545 0.00334 0.00262 0.00078 0.00033 0.00006 0.00000 0.00000 0.00000 0.00000 0.00000 0.00000 0.00000 0.00000 0.00000 0.00000 0.00000
0.00000 0.00000 0.00000 0.00000 0.00000 0.00024 0.00146 0.00273 0.00989 0.02975 0.03271 0.05181 0.07432 0.06901 0.08403 0.07258 0.08590 0.06949 0.07229 0.05721 0.04638 0.04765 0.03633 0.03648 0.03272 0.02209 0.01877 0.01172 0.00857 0.00646 0.00425 0.00505 0.00214 0.00254 0.00128 0.00109 0.00131 0.00088 0.00086 0.00000 0.00000 0.00000 0.00000
0.00000 0.00000 0.00000 0.00000 0.00000 0.00000 0.00044 0.00122 0.00107 0.01015 0.02020 0.03665 0.05790 0.08316 0.09936 0.11067 0.09354 0.08318 0.06793 0.05870 0.04710 0.02988 0.02234 0.01294 0.00844 0.01370 0.01660 0.02210 0.02633 0.02573 0.02117 0.01354 0.00906 0.00468 0.00156 0.00050 0.00015 0.00000 0.00000 0.00000 0.00000 0.00000 0.00000
0.00000 0.00000 0.00000 0.00000 0.00000 0.00297 0.00162 0.00839 0.01435 0.02444 0.04304 0.06459 0.08794 0.10590 0.13350 0.13686 0.12220 0.10996 0.05579 0.03910 0.02441 0.01119 0.00944 0.00208 0.00000 0.00211 0.00000 0.00000 0.00000 0.00011 0.00000 0.00000 0.00000 0.00000 0.00000 0.00000 0.00000 0.00000 0.00000 0.00000 0.00000 0.00000 0.00000
0.00000 0.00000 0.00000 0.00000 0.00000 0.00000 0.00028 0.00138 0.00264 0.00719 0.01631 0.03673 0.06463 0.09633 0.11480 0.12378 0.12496 0.11230 0.08780 0.07297 0.05305 0.02716 0.02035 0.01413 0.00966 0.00564 0.00267 0.00257 0.00130 0.00060 0.00055 0.00015 0.00008 0.00000 0.00000 0.00000 0.00000 0.00000 0.00000 0.00000 0.00000 0.00000 0.00000
0.00000 0.00000 0.00000 0.00000 0.00000 0.00000 0.00000 0.00030 0.00032 0.00075 0.00143 0.00298 0.00357 0.00776 0.01287 0.02259 0.03343 0.06188 0.09532 0.11944 0.11700 0.12028 0.10755 0.08559 0.06610 0.04193 0.02607 0.02142 0.01583 0.01279 0.01045 0.00565 0.00312 0.00240 0.00068 0.00032 0.00022 0.00000 0.00000 0.00000 0.00000 0.00000 0.00000
0.00000 0.00004 0.00011 0.00014 0.00026 0.00054 0.00275 0.00490 0.00853 0.01229 0.01385 0.01667 0.01904 0.03592 0.05349 0.07939 0.08622 0.08468 0.08034 0.07462 0.07607 0.07105 0.07340 0.05571 0.05532 0.03932 0.02585 0.01538 0.00646 0.00309 0.00197 0.00124 0.00065 0.00029 0.00013 0.00021 0.00010 0.00000 0.00000 0.00000 0.00000 0.00000 0.00000
0.00002 0.00000 0.00006 0.00003 0.00012 0.00039 0.00107 0.00272 0.00537 0.01056 0.01784 0.03658 0.04308 0.04401 0.04518 0.05379 0.06964 0.07626 0.08839 0.07582 0.06986 0.06925 0.06229 0.04587 0.03719 0.03214 0.02028 0.01436 0.01668 0.01231 0.01878 0.01207 0.01034 0.00423 0.00265 0.00058 0.00013 0.00003 0.00000 0.00000 0.00000 0.00000 0.00000
0.00000 0.00000 0.00000 0.00000 0.00000 0.00000 0.00012 0.00020 0.00083 0.00101 0.00094 0.00244 0.00587 0.01075 0.01429 0.02653 0.02782 0.03513 0.04154 0.05826 0.07139 0.08272 0.10606 0.12054 0.10219 0.08960 0.06867 0.04978 0.03645 0.01946 0.01260 0.00497 0.00645 0.00082 0.00167 0.00072 0.00021 0.00000 0.00000 0.00000 0.00000 0.00000 0.00000
0.00000 0.00000 0.00000 0.00000 0.00000 0.00000 0.00000 0.00000 0.00000 0.00033 0.00206 0.00465 0.00477 0.00810 0.01372 0.02013 0.03312 0.02809 0.04791 0.05469 0.06878 0.09172 0.10710 0.13122 0.13324 0.09600 0.05775 0.04129 0.02260 0.01672 0.00449 0.00900 0.00208 0.00033 0.00011 0.00000 0.00000 0.00000 0.00000 0.00000 0.00000 0.00000 0.00000
0.00000 0.00000 0.00000 0.00000 0.00000 0.00000 0.00000 0.00000 0.00000 0.00000 0.00000 0.00000 0.00089 0.00183 0.00523 0.01257 0.02532 0.02503 0.03558 0.04367 0.06980 0.08688 0.11215 0.13463 0.11839 0.10751 0.07903 0.05986 0.03547 0.01881 0.01717 0.00472 0.00321 0.00124 0.00068 0.00000 0.00000 0.00031 0.00000 0.00000 0.00000 0.00000 0.00000
0.00000 0.00000 0.00000 0.00000 0.00000 0.00000 0.00000 0.00000 0.00000 0.00000 0.00032 0.00157 0.00196 0.00083 0.00388 0.01294 0.01891 0.01900 0.03158 0.05012 0.07312 0.11383 0.13436 0.14551 0.12873 0.09733 0.06218 0.04685 0.02439 0.01662 0.00643 0.00584 0.00151 0.00070 0.00123 0.00025 0.00000 0.00000 0.00000 0.00000 0.00000 0.00000 0.00000
0.00000 0.00000 0.00000 0.00000 0.00000 0.00000 0.00000 0.00000 0.00000 0.00023 0.00010 0.00009 0.00051 0.00176 0.00543 0.01110 0.02899 0.03026 0.04089 0.05587 0.06017 0.09160 0.09582 0.12639 0.14081 0.11475 0.08414 0.05415 0.02686 0.01552 0.00768 0.00421 0.00150 0.00095 0.00000 0.00022 0.00000 0.00000 0.00000 0.00000 0.00000 0.00000 0.00000
0.00000 0.00000 0.00000 0.00000 0.00000 0.00000 0.00000 0.00000 0.00000 0.00000 0.00000 0.00000 0.00000 0.00000 0.00000 0.00000 0.00086 0.00332 0.01126 0.03337 0.05565 0.07869 0.09940 0.08802 0.09913 0.09788 0.10982 0.10584 0.09147 0.06537 0.03162 0.01452 0.00749 0.00469 0.00124 0.00014 0.00013 0.00000 0.00008 0.00000 0.00000 0.00000 0.00000
0.00000 0.00000 0.00000 0.00000 0.00000 0.00000 0.00000 0.00000 0.00000 0.00071 0.00161 0.00110 0.00368 0.00381 0.00542 0.00474 0.00529 0.00491 0.00586 0.02610 0.04217 0.07278 0.09105 0.10126 0.13335 0.11182 0.10381 0.09440 0.07102 0.05497 0.02801 0.01835 0.00701 0.00435 0.00121 0.00106 0.00000 0.00016 0.00000 0.00000 0.00000 0.00000 0.00000
0.00000 0.00000 0.00000 0.00000 0.00000 0.00000 0.00000 0.00000 0.00000 0.00000 0.00000 0.00000 0.00000 0.00000 0.00000 0.00000 0.00040 0.00150 0.01984 0.04353 0.07009 0.06354 0.08128 0.09572 0.09901 0.12337 0.10367 0.10836 0.06643 0.06329 0.02675 0.01586 0.00730 0.00331 0.00367 0.00184 0.00061 0.00061 0.00000 0.00000 0.00000 0.00000 0.00000
0.00000 0.00000 0.00000 0.00000 0.00000 0.00000 0.00000 0.00000 0.00000 0.00000 0.00000 0.00000 0.00000 0.00014 0.00272 0.00440 0.00860 0.01285 0.03709 0.07444 0.07603 0.09909 0.13244 0.11624 0.09622 0.07026 0.05530 0.04883 0.04003 0.03460 0.02011 0.01379 0.01229 0.00682 0.00762 0.00627 0.00690 0.00586 0.00349 0.00478 0.00129 0.00104 0.00043
0.00000 0.00000 0.00000 0.00000 0.00000 0.00000 0.00000 0.00000 0.00000 0.00000 0.00000 0.00075 0.00055 0.00186 0.00301 0.00615 0.01589 0.03428 0.04916 0.06902 0.08228 0.10386 0.12296 0.14054 0.12134 0.09940 0.05874 0.03460 0.02148 0.01454 0.00963 0.00547 0.00320 0.00097 0.00028 0.00004 0.00000 0.00000 0.00000 0.00000 0.00000 0.00000 0.00000
0.00000 0.00000 0.00000 0.00000 0.00000 0.00000 0.00000 0.00000 0.00000 0.00000 0.00022 0.00022 0.00043 0.00056 0.00190 0.00296 0.00207 0.01176 0.01428 0.02786 0.04554 0.07433 0.09253 0.11720 0.11973 0.11418 0.10398 0.07034 0.05383 0.04548 0.03334 0.03283 0.01559 0.00833 0.00255 0.00365 0.00070 0.00038 0.00060 0.00080 0.00060 0.00040 0.00040
0.00000 0.00000 0.00000 0.00000 0.00000 0.00000 0.00000 0.00000 0.00000 0.00000 0.00018 0.00025 0.00022 0.00068 0.00170 0.00408 0.01260 0.01927 0.03842 0.05589 0.06955 0.09825 0.11576 0.11569 0.10315 0.08513 0.07813 0.05402 0.04586 0.02693 0.02012 0.03161 0.00958 0.00732 0.00501 0.00056 0.00000 0.00000 0.00000 0.00003 0.00000 0.00000 0.00000
0.00000 0.00000 0.00000 0.00000 0.00000 0.00000 0.00000 0.00000 0.00000 0.00000 0.00003 0.00000 0.00013 0.00019 0.00200 0.00370 0.01042 0.02292 0.05279 0.07742 0.10624 0.11879 0.10363 0.10918 0.08883 0.08373 0.06644 0.05302 0.03543 0.02733 0.01326 0.01181 0.00719 0.00328 0.00155 0.00034 0.00014 0.00008 0.00011 0.00000 0.00000 0.00000 0.00000
0.00000 0.00000 0.00000 0.00000 0.00000 0.00000 0.00000 0.00000 0.00000 0.00000 0.00000 0.00000 0.00000 0.00133 0.00133 0.00074 0.00266 0.00615 0.01030 0.02437 0.04839 0.05866 0.08044 0.08500 0.10250 0.10616 0.11849 0.11412 0.08436 0.06231 0.04273 0.02407 0.01476 0.00615 0.00304 0.00113 0.00063 0.00008 0.00008 0.00000 0.00000 0.00000 0.00000

# ETcrum 
0.00000 0.00000 0.00000 0.00000 0.00000 0.00000 0.00000 0.00000 0.00000 0.00000 0.00000 0.00000 0.00000 0.00000 0.00000 0.00000 0.00000 0.00000 0.00000 0.00000 0.00000 0.00000 0.00000 0.00000 0.00000 0.00000 0.00000 0.00000 0.00000 0.00000 0.00000 0.00000 0.00000 0.00000 0.00000 0.00000 0.00000 0.00000 0.00000 0.00000 0.00000 0.00000 0.00000
0.00000 0.00000 0.00000 0.00000 0.00000 0.00000 0.00000 0.00000 0.00000 0.00000 0.00000 0.00000 0.00000 0.00000 0.00000 0.00000 0.00000 0.00000 0.00000 0.00000 0.00000 0.00000 0.00000 0.00000 0.00000 0.00000 0.00000 0.00000 0.00000 0.00000 0.00000 0.00000 0.00000 0.00000 0.00000 0.00000 0.00000 0.00000 0.00000 0.00000 0.00000 0.00000 0.00000
0.00000 0.00000 0.00000 0.00000 0.00000 0.00000 0.00000 0.00000 0.00000 0.00000 0.00000 0.00000 0.00000 0.00000 0.00000 0.00000 0.00000 0.00000 0.00000 0.00000 0.00000 0.00000 0.00000 0.00000 0.00000 0.00000 0.00000 0.00000 0.00000 0.00000 0.00000 0.00000 0.00000 0.00000 0.00000 0.00000 0.00000 0.00000 0.00000 0.00000 0.00000 0.00000 0.00000
0.00000 0.00000 0.00000 0.00000 0.00000 0.00000 0.00000 0.00000 0.00000 0.00000 0.00000 0.00000 0.00000 0.00000 0.00000 0.00000 0.00000 0.00000 0.00000 0.00000 0.00000 0.00000 0.00000 0.00000 0.00000 0.00000 0.00000 0.00000 0.00000 0.00000 0.00000 0.00000 0.00000 0.00000 0.00000 0.00000 0.00000 0.00000 0.00000 0.00000 0.00000 0.00000 0.00000
0.00000 0.00000 0.00000 0.00000 0.00000 0.00000 0.00000 0.00000 0.00000 0.00000 0.00000 0.00000 0.00000 0.00000 0.00000 0.00000 0.00000 0.00000 0.00000 0.00000 0.00000 0.00000 0.00000 0.00000 0.00000 0.00000 0.00000 0.00000 0.00000 0.00000 0.00000 0.00000 0.00000 0.00000 0.00000 0.00000 0.00000 0.00000 0.00000 0.00000 0.00000 0.00000 0.00000
0.00000 0.00000 0.00000 0.00000 0.00000 0.00000 0.00000 0.00000 0.00000 0.00000 0.00000 0.00000 0.00000 0.00000 0.00000 0.00000 0.00000 0.00000 0.00000 0.00000 0.00000 0.00000 0.00000 0.00000 0.00000 0.00000 0.00000 0.00000 0.00000 0.00000 0.00000 0.00000 0.00000 0.00000 0.00000 0.00000 0.00000 0.00000 0.00000 0.00000 0.00000 0.00000 0.00000
0.00000 0.00000 0.00000 0.00000 0.00000 0.00000 0.00000 0.00000 0.00000 0.00000 0.00000 0.00000 0.00000 0.00000 0.00000 0.00000 0.00000 0.00000 0.00000 0.00000 0.00000 0.00000 0.00000 0.00000 0.00000 0.00000 0.00000 0.00000 0.00000 0.00000 0.00000 0.00000 0.00000 0.00000 0.00000 0.00000 0.00000 0.00000 0.00000 0.00000 0.00000 0.00000 0.00000
0.00000 0.00000 0.00000 0.00000 0.00000 0.00000 0.00000 0.00000 0.00000 0.00000 0.00000 0.00000 0.00000 0.00000 0.00000 0.00000 0.00000 0.00000 0.00000 0.00000 0.00000 0.00000 0.00000 0.00000 0.00000 0.00000 0.00000 0.00000 0.00000 0.00000 0.00000 0.00000 0.00000 0.00000 0.00000 0.00000 0.00000 0.00000 0.00000 0.00000 0.00000 0.00000 0.00000
0.00000 0.00000 0.00000 0.00000 0.00000 0.00000 0.00000 0.00000 0.00000 0.00000 0.00000 0.00000 0.00000 0.00000 0.00000 0.00000 0.00000 0.00000 0.00000 0.00000 0.00000 0.00000 0.00000 0.00000 0.00000 0.00000 0.00000 0.00000 0.00000 0.00000 0.00000 0.00000 0.00000 0.00000 0.00000 0.00000 0.00000 0.00000 0.00000 0.00000 0.00000 0.00000 0.00000
0.00000 0.00000 0.00000 0.00000 0.00000 0.00000 0.00000 0.00000 0.00000 0.00000 0.00000 0.00000 0.00000 0.00000 0.00000 0.00000 0.00000 0.00000 0.00000 0.00000 0.00000 0.00000 0.00000 0.00000 0.00000 0.00000 0.00000 0.00000 0.00000 0.00000 0.00000 0.00000 0.00000 0.00000 0.00000 0.00000 0.00000 0.00000 0.00000 0.00000 0.00000 0.00000 0.00000
0.00000 0.00000 0.00000 0.00000 0.00000 0.00000 0.00000 0.00000 0.00000 0.00000 0.00000 0.00000 0.00000 0.00000 0.00000 0.00000 0.00000 0.00000 0.00000 0.00000 0.00000 0.00000 0.00000 0.00000 0.00000 0.00000 0.00000 0.00000 0.00000 0.00000 0.00000 0.00000 0.00000 0.00000 0.00000 0.00000 0.00000 0.00000 0.00000 0.00000 0.00000 0.00000 0.00000
0.00000 0.00000 0.00000 0.00000 0.00000 0.00000 0.00000 0.00000 0.00000 0.00000 0.00000 0.00000 0.00000 0.00000 0.00000 0.00000 0.00000 0.00000 0.00000 0.00000 0.00000 0.00000 0.00000 0.00000 0.00000 0.00000 0.00000 0.00000 0.00000 0.00000 0.00000 0.00000 0.00000 0.00000 0.00000 0.00000 0.00000 0.00000 0.00000 0.00000 0.00000 0.00000 0.00000
0.00000 0.00000 0.00000 0.00000 0.00000 0.00000 0.00000 0.00000 0.00000 0.00000 0.00000 0.00000 0.00000 0.00000 0.00000 0.00000 0.00000 0.00000 0.00000 0.00000 0.00000 0.00000 0.00000 0.00000 0.00000 0.00000 0.00000 0.00000 0.00000 0.00000 0.00000 0.00000 0.00000 0.00000 0.00000 0.00000 0.00000 0.00000 0.00000 0.00000 0.00000 0.00000 0.00000
0.00000 0.00140 0.00000 0.00302 0.00073 0.01058 0.01983 0.03467 0.04638 0.06839 0.05518 0.06303 0.05041 0.04974 0.05336 0.05258 0.03990 0.04340 0.04403 0.03416 0.02692 0.03021 0.01937 0.03148 0.02880 0.02811 0.02629 0.02915 0.02343 0.02774 0.01732 0.01325 0.00780 0.00656 0.00631 0.00209 0.00147 0.00058 0.00068 0.00096 0.00028 0.00021 0.00003
0.00000 0.00000 0.00000 0.00000 0.00000 0.00001 0.00005 0.00013 0.00267 0.00978 0.01064 0.02427 0.03248 0.03030 0.04097 0.06254 0.06788 0.05315 0.04682 0.05439 0.06343 0.04492 0.05841 0.05399 0.05272 0.03851 0.03424 0.04016 0.03540 0.03055 0.03057 0.02641 0.02078 0.01497 0.00712 0.00536 0.00350 0.00147 0.00117 0.00011 0.00012 0.00001 0.00000
0.00000 0.00000 0.00000 0.00033 0.00097 0.00150 0.00241 0.00498 0.00773 0.00856 0.01420 0.01588 0.02566 0.03157 0.03742 0.04762 0.05079 0.05335 0.05884 0.05018 0.05479 0.04930 0.04881 0.04402 0.04903 0.04806 0.04205 0.03835 0.03937 0.03731 0.03554 0.02849 0.02893 0.01304 0.01321 0.00664 0.00628 0.00148 0.00205 0.00085 0.00036 0.00000 0.00001
0.00000 0.00000 0.00003 0.00050 0.00053 0.00300 0.00265 0.01401 0.01416 0.02135 0.02590 0.02836 0.04215 0.04640 0.06009 0.06266 0.05883 0.05932 0.04561 0.04741 0.04623 0.05126 0.05060 0.04409 0.04585 0.04011 0.03361 0.04516 0.02895 0.02117 0.02283 0.01620 0.00971 0.00436 0.00288 0.00115 0.00157 0.00032 0.00049 0.00024 0.00026 0.00000 0.00000
0.00000 0.00000 0.00004 0.00016 0.00098 0.00051 0.00114 0.00319 0.00333 0.00609 0.00724 0.00879 0.01581 0.01864 0.02471 0.03591 0.04208 0.04570 0.04917 0.04507 0.04337 0.04950 0.05168 0.05233 0.04727 0.05354 0.05352 0.05859 0.05451 0.04353 0.03980 0.04481 0.03405 0.02617 0.01475 0.00965 0.00604 0.00399 0.00150 0.00153 0.00079 0.00054 0.00000
0.00000 0.00023 0.00000 0.00000 0.00023 0.00023 0.00047 0.00117 0.00384 0.00452 0.00569 0.00989 0.01341 0.01609 0.01728 0.02703 0.03449 0.04342 0.05450 0.05715 0.04746 0.06494 0.08729 0.09662 0.07259 0.07463 0.05514 0.05106 0.03540 0.02748 0.01986 0.02435 0.01653 0.01632 0.01249 0.00350 0.00281 0.00104 0.00056 0.00030 0.00000 0.00000 0.00000
0.00000 0.00000 0.00006 0.00002 0.00000 0.00018 0.00028 0.00134 0.00534 0.00281 0.00536 0.00408 0.00772 0.00488 0.00657 0.01026 0.01535 0.02806 0.02977 0.03461 0.04253 0.05280 0.05304 0.07518 0.05645 0.06384 0.06001 0.06966 0.07554 0.05225 0.07945 0.04195 0.02921 0.02801 0.02864 0.02169 0.00831 0.00282 0.00111 0.00072 0.00011 0.00000 0.00000
0.00000 0.00000 0.00000 0.00000 0.00000 0.00015 0.00078 0.00062 0.00126 0.00152 0.00379 0.00947 0.01386 0.02178 0.02383 0.03478 0.04391 0.04789 0.05872 0.05271 0.05707 0.06217 0.06691 0.08296 0.07024 0.06313 0.06172 0.05827 0.05954 0.03298 0.02483 0.02158 0.01066 0.00727 0.00265 0.00113 0.00058 0.00008 0.00045 0.00028 0.00017 0.00028 0.00000
0.00000 0.00009 0.00004 0.00009 0.00012 0.00030 0.00055 0.00055 0.00173 0.00337 0.00573 0.00856 0.00945 0.01425 0.01712 0.02272 0.02520 0.03111 0.03686 0.04147 0.04741 0.06181 0.06438 0.08821 0.09554 0.08715 0.07018 0.04866 0.04093 0.03613 0.03713 0.03290 0.02635 0.01843 0.00975 0.00825 0.00417 0.00217 0.00076 0.00025 0.00003 0.00007 0.00000
0.00000 0.00000 0.00000 0.00021 0.00000 0.00008 0.00037 0.00036 0.00018 0.00122 0.00092 0.00216 0.00467 0.00716 0.01094 0.01610 0.01820 0.02525 0.03893 0.04770 0.05067 0.05924 0.05521 0.06102 0.05929 0.06893 0.07074 0.07783 0.07839 0.06398 0.04957 0.05010 0.03015 0.02386 0.01481 0.00620 0.00359 0.00126 0.00036 0.00020 0.00005 0.00004 0.00000
0.00000 0.00000 0.00000 0.00000 0.00000 0.00000 0.00000 0.00000 0.00000 0.00000 0.00000 0.00000 0.00000 0.00000 0.00000 0.00000 0.00000 0.00000 0.00000 0.00000 0.00000 0.00000 0.00000 0.00000 0.00000 0.00000 0.00000 0.00000 0.00000 0.00000 0.00000 0.00000 0.00000 0.00000 0.00000 0.00000 0.00000 0.00000 0.00000 0.00000 0.00000 0.00000 0.00000
0.00000 0.00000 0.00000 0.00000 0.00000 0.00000 0.00019 0.00023 0.00038 0.00000 0.00000 0.00083 0.00370 0.00723 0.01199 0.01424 0.01404 0.02114 0.02645 0.02911 0.03542 0.03466 0.04210 0.04912 0.06709 0.07672 0.08530 0.08381 0.08599 0.07503 0.05741 0.05100 0.04138 0.03341 0.02246 0.01460 0.00792 0.00425 0.00189 0.00061 0.00020 0.00009 0.00000
0.00000 0.00028 0.00000 0.00000 0.00002 0.00000 0.00000 0.00044 0.00026 0.00182 0.00123 0.00341 0.00582 0.00691 0.00990 0.01006 0.01688 0.01906 0.02014 0.03236 0.03202 0.03681 0.03789 0.04494 0.05531 0.05866 0.06527 0.07482 0.09694 0.08821 0.08564 0.06851 0.04623 0.03229 0.02109 0.01359 0.00671 0.00359 0.00192 0.00067 0.00016 0.00013 0.00000
0.00000 0.00000 0.00000 0.00000 0.00000 0.00000 0.00000 0.00000 0.00000 0.00000 0.00002 0.00062 0.00221 0.00317 0.00759 0.00549 0.00589 0.00708 0.01166 0.01702 0.02375 0.02967 0.03789 0.05516 0.06980 0.08113 0.07297 0.07541 0.07156 0.06708 0.07113 0.06657 0.05301 0.04213 0.03316 0.03305 0.02228 0.01218 0.00823 0.00584 0.00368 0.00358 0.00000
0.00000 0.00000 0.00000 0.00000 0.00000 0.00000 0.00001 0.00005 0.00008 0.00011 0.00019 0.00016 0.00131 0.00124 0.00215 0.00471 0.00745 0.00961 0.01395 0.01359 0.02297 0.02756 0.04289 0.05299 0.06365 0.07168 0.06977 0.07690 0.08021 0.07616 0.07727 0.07169 0.05730 0.04845 0.03752 0.02702 0.02043 0.00940 0.00586 0.00329 0.00238 0.00000 0.00000
0.00000 0.00000 0.00000 0.00000 0.00012 0.00000 0.00000 0.00000 0.00000 0.00012 0.00016 0.00018 0.00052 0.00018 0.00056 0.00075 0.00085 0.00185 0.00529 0.00940 0.01676 0.02765 0.03674 0.05601 0.07020 0.07323 0.08165 0.10018 0.09845 0.09208 0.09251 0.06353 0.05752 0.03926 0.03266 0.02029 0.00725 0.00542 0.00467 0.00218 0.00180 0.00000 0.00000
0.00000 0.00000 0.00000 0.00000 0.00000 0.00000 0.00006 0.00011 0.00036 0.00040 0.00026 0.00009 0.00032 0.00022 0.00105 0.00549 0.00541 0.00766 0.00930 0.01304 0.01351 0.01631 0.03504 0.04057 0.05171 0.07018 0.07069 0.08267 0.07581 0.08788 0.08932 0.08239 0.07578 0.06010 0.03997 0.02939 0.01596 0.00797 0.00835 0.00187 0.00007 0.00071 0.00000
0.00000 0.00000 0.00000 0.00000 0.00000 0.00000 0.00000 0.00000 0.00042 0.00036 0.00086 0.00119 0.00106 0.00191 0.00265 0.00250 0.00549 0.00583 0.00726 0.01209 0.01370 0.02473 0.03877 0.04825 0.04871 0.07065 0.08001 0.08632 0.07737 0.08515 0.08306 0.06763 0.06501 0.05241 0.04313 0.03282 0.01909 0.01280 0.00503 0.00167 0.00105 0.00097 0.00003
0.00000 0.00000 0.00000 0.00000 0.00000 0.00035 0.00217 0.00300 0.00673 0.00833 0.00721 0.01005 0.00895 0.00932 0.01192 0.01166 0.01045 0.01263 0.01750 0.02234 0.02285 0.02906 0.03304 0.03861 0.04164 0.05684 0.05808 0.07189 0.06897 0.08375 0.08535 0.06679 0.04638 0.04873 0.03869 0.01949 0.01906 0.00834 0.00505 0.00290 0.00094 0.00089 0.00091
0.00000 0.00000 0.00000 0.00000 0.00000 0.00363 0.00000 0.00305 0.01342 0.03067 0.04356 0.02550 0.03099 0.03700 0.01365 0.02514 0.02334 0.02991 0.03151 0.03505 0.03451 0.03739 0.04132 0.04328 0.04565 0.04893 0.04410 0.05045 0.04681 0.04719 0.04615 0.03781 0.03461 0.02483 0.02205 0.01551 0.01049 0.00916 0.00572 0.00303 0.00298 0.00097 0.00025
0.00000 0.00000 0.00000 0.00000 0.00000 0.00000 0.00000 0.00000 0.00000 0.00039 0.00000 0.00047 0.00149 0.00324 0.00198 0.00882 0.00684 0.01372 0.01132 0.02289 0.02125 0.02515 0.03661 0.05462 0.06170 0.06393 0.05092 0.06694 0.07089 0.06415 0.06468 0.07769 0.06252 0.05909 0.05682 0.02983 0.02633 0.01359 0.00845 0.00166 0.00616 0.00586 0.00001

# ETcruh 
0.00000 0.00000 0.00000 0.00000 0.00000 0.00000 0.00000 0.00000 0.00000 0.00000 0.00000 0.00000 0.00000 0.00000 0.00000 0.00000 0.00000 0.00000 0.00000 0.00000 0.00000 0.00000 0.00000 0.00000 0.00000 0.00000 0.00000 0.00000 0.00000 0.00000 0.00000 0.00000 0.00000 0.00000 0.00000 0.00000 0.00000 0.00000 0.00000 0.00000 0.00000 0.00000 0.00000
0.00000 0.00000 0.00000 0.00000 0.00000 0.00000 0.00000 0.00000 0.00000 0.00000 0.00000 0.00000 0.00000 0.00000 0.00000 0.00000 0.00000 0.00000 0.00000 0.00000 0.00000 0.00000 0.00000 0.00000 0.00000 0.00000 0.00000 0.00000 0.00000 0.00000 0.00000 0.00000 0.00000 0.00000 0.00000 0.00000 0.00000 0.00000 0.00000 0.00000 0.00000 0.00000 0.00000
0.00000 0.00000 0.00000 0.00000 0.00000 0.00000 0.00000 0.00000 0.00000 0.00000 0.00000 0.00000 0.00000 0.00000 0.00000 0.00000 0.00000 0.00000 0.00000 0.00000 0.00000 0.00000 0.00000 0.00000 0.00000 0.00000 0.00000 0.00000 0.00000 0.00000 0.00000 0.00000 0.00000 0.00000 0.00000 0.00000 0.00000 0.00000 0.00000 0.00000 0.00000 0.00000 0.00000
0.00000 0.00000 0.00000 0.00000 0.00000 0.00000 0.00000 0.00000 0.00000 0.00000 0.00000 0.00000 0.00000 0.00000 0.00000 0.00000 0.00000 0.00000 0.00000 0.00000 0.00000 0.00000 0.00000 0.00000 0.00000 0.00000 0.00000 0.00000 0.00000 0.00000 0.00000 0.00000 0.00000 0.00000 0.00000 0.00000 0.00000 0.00000 0.00000 0.00000 0.00000 0.00000 0.00000
0.00000 0.00000 0.00000 0.00000 0.00000 0.00000 0.00000 0.00000 0.00000 0.00000 0.00000 0.00000 0.00000 0.00000 0.00000 0.00000 0.00000 0.00000 0.00000 0.00000 0.00000 0.00000 0.00000 0.00000 0.00000 0.00000 0.00000 0.00000 0.00000 0.00000 0.00000 0.00000 0.00000 0.00000 0.00000 0.00000 0.00000 0.00000 0.00000 0.00000 0.00000 0.00000 0.00000
0.00000 0.00000 0.00000 0.00000 0.00000 0.00000 0.00000 0.00000 0.00000 0.00000 0.00000 0.00000 0.00000 0.00000 0.00000 0.00000 0.00000 0.00000 0.00000 0.00000 0.00000 0.00000 0.00000 0.00000 0.00000 0.00000 0.00000 0.00000 0.00000 0.00000 0.00000 0.00000 0.00000 0.00000 0.00000 0.00000 0.00000 0.00000 0.00000 0.00000 0.00000 0.00000 0.00000
0.00000 0.00000 0.00000 0.00000 0.00000 0.00000 0.00000 0.00000 0.00000 0.00000 0.00000 0.00000 0.00000 0.00000 0.00000 0.00000 0.00000 0.00000 0.00000 0.00000 0.00000 0.00000 0.00000 0.00000 0.00000 0.00000 0.00000 0.00000 0.00000 0.00000 0.00000 0.00000 0.00000 0.00000 0.00000 0.00000 0.00000 0.00000 0.00000 0.00000 0.00000 0.00000 0.00000
0.00000 0.00000 0.00000 0.00000 0.00000 0.00000 0.00000 0.00000 0.00000 0.00000 0.00000 0.00000 0.00000 0.00000 0.00000 0.00000 0.00000 0.00000 0.00000 0.00000 0.00000 0.00000 0.00000 0.00000 0.00000 0.00000 0.00000 0.00000 0.00000 0.00000 0.00000 0.00000 0.00000 0.00000 0.00000 0.00000 0.00000 0.00000 0.00000 0.00000 0.00000 0.00000 0.00000
0.00000 0.00000 0.00000 0.00000 0.00000 0.00000 0.00000 0.00000 0.00000 0.00000 0.00000 0.00000 0.00000 0.00000 0.00000 0.00000 0.00000 0.00000 0.00000 0.00000 0.00000 0.00000 0.00000 0.00000 0.00000 0.00000 0.00000 0.00000 0.00000 0.00000 0.00000 0.00000 0.00000 0.00000 0.00000 0.00000 0.00000 0.00000 0.00000 0.00000 0.00000 0.00000 0.00000
0.00000 0.00000 0.00000 0.00000 0.00000 0.00000 0.00000 0.00000 0.00000 0.00000 0.00000 0.00000 0.00000 0.00000 0.00000 0.00000 0.00000 0.00000 0.00000 0.00000 0.00000 0.00000 0.00000 0.00000 0.00000 0.00000 0.00000 0.00000 0.00000 0.00000 0.00000 0.00000 0.00000 0.00000 0.00000 0.00000 0.00000 0.00000 0.00000 0.00000 0.00000 0.00000 0.00000
0.00000 0.00000 0.00000 0.00000 0.00000 0.00000 0.00000 0.00000 0.00000 0.00000 0.00000 0.00000 0.00000 0.00000 0.00000 0.00000 0.00000 0.00000 0.00000 0.00000 0.00000 0.00000 0.00000 0.00000 0.00000 0.00000 0.00000 0.00000 0.00000 0.00000 0.00000 0.00000 0.00000 0.00000 0.00000 0.00000 0.00000 0.00000 0.00000 0.00000 0.00000 0.00000 0.00000
0.00000 0.00000 0.00000 0.00000 0.00000 0.00000 0.00000 0.00000 0.00000 0.00000 0.00000 0.00000 0.00000 0.00000 0.00000 0.00000 0.00000 0.00000 0.00000 0.00000 0.00000 0.00000 0.00000 0.00000 0.00000 0.00000 0.00000 0.00000 0.00000 0.00000 0.00000 0.00000 0.00000 0.00000 0.00000 0.00000 0.00000 0.00000 0.00000 0.00000 0.00000 0.00000 0.00000
0.00000 0.00000 0.00000 0.00000 0.00000 0.00000 0.00000 0.00000 0.00000 0.00000 0.00000 0.00000 0.00000 0.00000 0.00000 0.00000 0.00000 0.00000 0.00000 0.00000 0.00000 0.00000 0.00000 0.00000 0.00000 0.00000 0.00000 0.00000 0.00000 0.00000 0.00000 0.00000 0.00000 0.00000 0.00000 0.00000 0.00000 0.00000 0.00000 0.00000 0.00000 0.00000 0.00000
0.00000 0.00000 0.00001 0.00101 0.00010 0.00208 0.00207 0.00864 0.01315 0.03578 0.04764 0.05285 0.06133 0.07640 0.07869 0.07538 0.07262 0.08691 0.06604 0.06077 0.05336 0.04880 0.04561 0.04034 0.02614 0.01853 0.01149 0.00670 0.00368 0.00119 0.00073 0.00066 0.00041 0.00028 0.00052 0.00011 0.00000 0.00000 0.00000 0.00000 0.00000 0.00000 0.00000
0.00000 0.00000 0.00000 0.00000 0.00006 0.00005 0.00510 0.01185 0.01779 0.03359 0.05138 0.06629 0.07951 0.07370 0.07469 0.07805 0.07124 0.07512 0.06764 0.08455 0.06204 0.04006 0.03094 0.02559 0.02134 0.01854 0.00331 0.00313 0.00124 0.00152 0.00076 0.00032 0.00018 0.00009 0.00033 0.00000 0.00000 0.00000 0.00000 0.00000 0.00000 0.00000 0.00000
0.00000 0.00000 0.00010 0.00021 0.00059 0.00118 0.00051 0.00210 0.00542 0.01199 0.01887 0.03261 0.04240 0.05538 0.05998 0.07104 0.08562 0.10095 0.11405 0.10003 0.08186 0.06522 0.05910 0.03238 0.02350 0.01416 0.00892 0.00390 0.00383 0.00315 0.00065 0.00014 0.00016 0.00000 0.00000 0.00000 0.00000 0.00000 0.00000 0.00000 0.00000 0.00000 0.00000
0.00000 0.00000 0.00002 0.00000 0.00013 0.00041 0.00039 0.00258 0.00458 0.00952 0.02218 0.04483 0.07537 0.10588 0.13029 0.10122 0.08368 0.07866 0.07436 0.06142 0.05227 0.04523 0.04044 0.02546 0.01738 0.00842 0.00623 0.00273 0.00301 0.00155 0.00073 0.00039 0.00021 0.00015 0.00022 0.00002 0.00002 0.00001 0.00000 0.00000 0.00000 0.00000 0.00000
0.00000 0.00000 0.00009 0.00013 0.00015 0.00029 0.00031 0.00126 0.00178 0.00358 0.00572 0.01390 0.01859 0.02989 0.04063 0.05878 0.06995 0.07636 0.07947 0.07528 0.07035 0.09259 0.08749 0.07263 0.05182 0.05077 0.03325 0.02623 0.01254 0.00853 0.00510 0.00538 0.00245 0.00183 0.00135 0.00056 0.00042 0.00014 0.00014 0.00020 0.00007 0.00000 0.00000
0.00000 0.00000 0.00000 0.00000 0.00000 0.00000 0.00000 0.00076 0.00076 0.00127 0.00148 0.00581 0.02110 0.03031 0.04586 0.05916 0.09272 0.11170 0.10709 0.08841 0.06260 0.07470 0.06414 0.06560 0.04429 0.04323 0.03317 0.01990 0.01237 0.00714 0.00209 0.00192 0.00111 0.00094 0.00002 0.00002 0.00032 0.00001 0.00000 0.00000 0.00000 0.00000 0.00000
0.00000 0.00012 0.00000 0.00000 0.00028 0.00000 0.00020 0.00042 0.00118 0.00208 0.00424 0.00989 0.01430 0.01894 0.02204 0.03157 0.04533 0.06254 0.06026 0.06429 0.06647 0.07175 0.08648 0.08717 0.08279 0.07894 0.06749 0.05045 0.03438 0.01746 0.01070 0.00303 0.00251 0.00187 0.00051 0.00013 0.00017 0.00000 0.00000 0.00000 0.00000 0.00000 0.00000
0.00000 0.00000 0.00000 0.00000 0.00069 0.00000 0.00096 0.00098 0.00198 0.00292 0.00914 0.02027 0.02027 0.04770 0.04366 0.07522 0.08233 0.09789 0.11835 0.09647 0.09846 0.08481 0.06914 0.04845 0.02496 0.01822 0.01215 0.00781 0.00911 0.00328 0.00221 0.00197 0.00000 0.00020 0.00042 0.00000 0.00000 0.00000 0.00000 0.00000 0.00000 0.00000 0.00000
0.00000 0.00000 0.00000 0.00000 0.00000 0.00000 0.00018 0.00021 0.00075 0.00346 0.01024 0.01608 0.01927 0.02887 0.04310 0.05485 0.06966 0.09464 0.12754 0.12324 0.09578 0.06996 0.04609 0.05262 0.03990 0.03092 0.02176 0.02275 0.01262 0.00799 0.00328 0.00189 0.00050 0.00102 0.00009 0.00048 0.00000 0.00026 0.00000 0.00000 0.00000 0.00000 0.00000
0.00000 0.00000 0.00000 0.00000 0.00000 0.00016 0.00000 0.00000 0.00000 0.00023 0.00024 0.00153 0.00327 0.00871 0.01563 0.03439 0.06371 0.09970 0.11500 0.12662 0.11055 0.10042 0.07276 0.05712 0.04539 0.04513 0.03119 0.03070 0.01849 0.01025 0.00477 0.00191 0.00091 0.00091 0.00010 0.00000 0.00000 0.00018 0.00000 0.00000 0.00000 0.00000 0.00000
0.00000 0.00000 0.00000 0.00000 0.00000 0.00000 0.00000 0.00000 0.00000 0.00000 0.00000 0.00000 0.00000 0.00000 0.00000 0.00000 0.00000 0.00000 0.00000 0.00000 0.00000 0.00000 0.00000 0.00000 0.00000 0.00000 0.00000 0.00000 0.00000 0.00000 0.00000 0.00000 0.00000 0.00000 0.00000 0.00000 0.00000 0.00000 0.00000 0.00000 0.00000 0.00000 0.00000
0.00000 0.00000 0.00000 0.00000 0.00000 0.00000 0.00000 0.00000 0.00000 0.00000 0.00196 0.00301 0.00951 0.01642 0.01542 0.02643 0.04272 0.09607 0.12503 0.13845 0.11731 0.09625 0.06542 0.04717 0.03040 0.03856 0.03533 0.03431 0.02712 0.01780 0.00792 0.00417 0.00174 0.00064 0.00042 0.00039 0.00001 0.00000 0.00000 0.00000 0.00000 0.00004 0.00000
0.00000 0.00000 0.00000 0.00000 0.00000 0.00007 0.00007 0.00007 0.00061 0.00101 0.00148 0.00389 0.00432 0.01140 0.01393 0.01523 0.01977 0.03278 0.05854 0.11174 0.14269 0.17397 0.13383 0.07984 0.05516 0.03135 0.03479 0.02683 0.02042 0.01266 0.00861 0.00284 0.00150 0.00044 0.00006 0.00003 0.00000 0.00003 0.00003 0.00000 0.00000 0.00000 0.00000
0.00000 0.00000 0.00000 0.00000 0.00000 0.00000 0.00000 0.00000 0.00000 0.00000 0.00000 0.00025 0.00334 0.00242 0.00874 0.00471 0.01735 0.03216 0.04180 0.06612 0.06559 0.10919 0.10394 0.11080 0.08331 0.07982 0.07265 0.06102 0.04516 0.03136 0.02154 0.01291 0.00736 0.00767 0.00400 0.00264 0.00250 0.00154 0.00000 0.00000 0.00012 0.00000 0.00000
0.00000 0.00000 0.00000 0.00000 0.00000 0.00000 0.00000 0.00000 0.00004 0.00000 0.00008 0.00018 0.00151 0.00209 0.00495 0.00947 0.02166 0.03370 0.04927 0.07446 0.11708 0.12329 0.11651 0.08918 0.08018 0.05928 0.05286 0.04902 0.03930 0.03709 0.01917 0.00971 0.00581 0.00270 0.00066 0.00014 0.00057 0.00000 0.00006 0.00000 0.00000 0.00000 0.00000
0.00000 0.00000 0.00000 0.00000 0.00000 0.00000 0.00000 0.00005 0.00000 0.00005 0.00014 0.00034 0.00009 0.00019 0.00104 0.00253 0.00711 0.03070 0.04424 0.07387 0.08735 0.11161 0.12096 0.10645 0.08226 0.07550 0.05545 0.06861 0.04662 0.03952 0.02181 0.00851 0.00755 0.00445 0.00080 0.00221 0.00000 0.00000 0.00000 0.00000 0.00000 0.00000 0.00000
0.00000 0.00000 0.00000 0.00000 0.00000 0.00000 0.00000 0.00000 0.00009 0.00038 0.00046 0.00050 0.00115 0.00230 0.00347 0.01380 0.01450 0.02243 0.03693 0.05342 0.09772 0.11012 0.14652 0.12258 0.12259 0.08361 0.04541 0.03619 0.03332 0.02650 0.01461 0.00611 0.00263 0.00189 0.00008 0.00000 0.00071 0.00000 0.00000 0.00000 0.00000 0.00000 0.00000
0.00000 0.00000 0.00000 0.00000 0.00000 0.00000 0.00000 0.00000 0.00066 0.00036 0.00000 0.00074 0.00072 0.00209 0.00309 0.00772 0.01466 0.01790 0.02398 0.03184 0.05425 0.05629 0.08162 0.09562 0.11857 0.10403 0.10403 0.06660 0.07820 0.04783 0.04465 0.02523 0.01105 0.00629 0.00144 0.00056 0.00000 0.00000 0.00000 0.00000 0.00000 0.00000 0.00000
0.00000 0.00000 0.00000 0.00000 0.00000 0.00000 0.00156 0.00117 0.00245 0.00328 0.00812 0.01722 0.01837 0.02862 0.03073 0.04906 0.05092 0.05182 0.05728 0.07743 0.05884 0.08265 0.09604 0.07547 0.05071 0.05614 0.05632 0.03036 0.02653 0.02152 0.01445 0.01553 0.00671 0.00608 0.00107 0.00055 0.00004 0.00015 0.00008 0.00008 0.00000 0.00000 0.00000
0.00000 0.00000 0.00000 0.00000 0.00000 0.00000 0.00000 0.00000 0.00197 0.01316 0.02142 0.01822 0.03934 0.04511 0.04479 0.05241 0.08191 0.08662 0.09480 0.08208 0.06277 0.06128 0.04334 0.04300 0.04002 0.03428 0.03406 0.03168 0.02431 0.01442 0.01461 0.00497 0.00302 0.00338 0.00176 0.00032 0.00039 0.00057 0.00000 0.00000 0.00000 0.00000 0.00000
0.00000 0.00000 0.00000 0.00000 0.00000 0.00000 0.00000 0.00000 0.00000 0.00000 0.00000 0.00000 0.00152 0.00182 0.00324 0.01934 0.03115 0.03650 0.07852 0.10764 0.14166 0.13641 0.12712 0.10167 0.08025 0.03824 0.05922 0.01721 0.00752 0.00216 0.00666 0.00123 0.00070 0.00022 0.00000 0.00000 0.00000 0.00000 0.00000 0.00000 0.00000 0.00000 0.00000 

# Msex 
 0.033  0.04    0.049   0.061   0.074   0.091   0.11    0.133   0.16    0.192   0.228   0.268   0.313   0.361   0.412   0.466   0.52    0.574   0.626   0.675   0.721   0.762   0.799   0.832   0.86    0.884   0.905   0.922   0.936   0.948   0.958   0.966   0.972   0.977   0.982   0.985   0.988   0.99    0.992   0.994   0.995   1   1

# Wt_m 
 0.673  0.898   1.168   1.488   1.862   2.294   2.789   3.350   3.982   4.689   5.476   6.347   7.306   8.357   9.505   10.754  12.108  13.572  15.150  16.846  18.665  20.610  22.687  24.900  27.252  29.749  32.395  35.193  38.149  41.267  44.551  48.005  51.634  55.442  59.434  63.614  67.986  72.554  77.324  82.299  87.484  92.884  98.501

# Wt_h 
 1.063  1.350   1.679   2.052   2.470   2.936   3.451   4.017   4.635   5.308   6.035   6.820   7.662   8.565   9.528   10.554  11.644  12.798  14.019  15.307  16.663  18.090  19.587  21.156  22.799  24.516  26.308  28.177  30.124  32.149  34.253  36.439  38.706  41.056  43.489  46.008  48.612  51.302  54.080  56.946  59.902  62.948  66.086

# cv_Rt_No_Rm 
 0.6 0.6 0.2 

# dt_des_cpue_cru 
 0.67 0.5 0.5 

# Param 
52.8 0.151 18 0.2 0.3
45.6 0.174 16 0.2 0.3
0.1 0.1 0.1 0.1 0.1

# h 
 1 

# q_crucv 
 1 1000.05 

# L50m 
 5 1.5

# L50h 
 5 1.5 

# Lcrum 
 4 1.5

# Lcruh 
 4 1.5 


# nbloq_flo 
 1 1979 

# nbloq_cru 
 1 1979 

# nbloq_qcpue 
 1 1979 

# nbloq_qcru 
 2 1979 2004

# Fasq_flocru 
 5 5 

# FasS_flocru 
 3 3

# Fas_par 
 -4 -5 -4

# Fas_F 
 3 

# dev_R 
 2 

# dev_No 
 1 

# Fas_pRm 
 -6 

# Fas_Fpbr 
 6 

# npbr 
 4 

# Tasa_bdpr 
 0.3 0.4 0.45 0.48 

# yr_proy 
 2 

# pR 
 1 

# opt_sim 
 1 
 