# Number of parameters = 164 Objective function value = 28677.6599311483  Maximum gradient component = 0.000101881139703089
# log_L50flom:
 2.28377236715906
# log_sdL50flomL:
 0.972529966260951
# log_L50floh:
 1.56146862556531
# log_sdL50flohL:
 0.660265621817884
# log_L50cruh:
 1.22443309200727
# log_sdL50cruhL:
 0.175321848894408
# log_L50crum:
 2.29223877814885
# log_sdL50crumL:
 1.27003425787177
# log_Ro:
5.45297553950
# log_propmR:
-0.693140000000
# log_dev_Ro:
 -0.598519731127 -0.236364553564 -0.0364718146835 0.0605912271144 0.128540167972 0.227194710474 0.619939154618 -0.380630944508 0.352559049893 0.619407463247 1.17395209499 1.37759353103 -0.318937878997 -0.0113410463457 0.205769190297 -0.493727534560 0.203644748027 -1.03349048614 -0.00633396946542 0.275968152397 0.604218562124 0.427022342542 0.658619855663 0.406800939337 0.449004071028 0.422559043064 0.581789073778 -0.294169145770 0.542413617998 -0.0558770051988 0.0420505263319 0.184974203701 -0.842448100882 -0.242555420520 -0.842508189942 -0.921075384033 -0.203195578583 -0.644370427707 -0.446109198157 -0.501989748452 -1.13448967799 -0.320005889001
# log_dev_Nom:
 -1.94263878027 -1.68332982544 -0.240098043676 -4.72094521342e-06 1.05702682163e-08 9.29231802616e-10 4.15248280206e-10 -7.50462980648e-09 -3.50556206286e-09 2.23919371933e-09 -6.69888855498e-09
# log_dev_Noh:
 -0.845133680617 -1.10181129493 -1.16446407059 -1.11075251970 -1.02094088535 -0.921585472638 -0.818904214154 -0.710461772446 -0.597733135911 -0.496231704503 -0.786158221645
# log_Fm:
 9.99999999044 -8.16304830776 -9.59672728314 -9.83117517422 -9.94696887696 -9.39635793114 -7.32752514500 4.18627463461 3.88089545431 4.29577962389 3.95839782193 5.57621817407 5.50227200759 -9.98772417316 2.97610361437 3.39825159244 3.02896817303 2.95843253614 2.96350181292 3.59445502765 4.65809611363 5.30762169946 4.71275035266 3.45929113325 3.90799071145 3.05021556758 3.39182989716 3.14863427038 3.00788917789 2.81766306633 2.58021050927 2.54484826372 2.24278481178 2.55217952527 2.16350858296 1.93247624098 2.23646752709 2.24661027316 2.26319058937 2.42844557326 2.52361290450 2.44641205457
# log_Fh:
 -9.99998831220 -1.60958626261 -9.87599689340 -3.42004106667 -2.23241108635 -0.581464919326 0.497267002530 -1.02722483499 -0.0688851935165 0.0473841889992 -1.40268400363 -9.99841293475 -0.341003821432 0.508766433604 -1.48110703256 -0.611572415130 -1.15207228048 -1.07435179437 -0.780887707806 0.106287141578 -0.128229419232 -0.408707602791 0.131584222354 -1.46071410553 -0.827373751630 -1.29531698455 -1.03283474470 -1.37941335461 -1.32396586940 -1.40041688445 -1.32542303370 -1.32293397395 -1.12836482219 -1.57289733813 -1.93159006057 -2.03103876506 -1.32424796040 -1.68732662987 -1.58421036641 -1.82554914406 -2.03817755786 -1.81513802131
# log_qflo:
 -7.92758463502
# log_qcru:
 1.01751044480 0.970761473069
# log_Lom:
2.89037175790
# log_cv_edadm:
-2.30258509299
# log_Loh:
2.77258872224
# log_cv_edadh:
-2.30258509299
# log_Mh:
-1.20397280433
# log_Mm:
-1.20397280433
# log_Fref:
 0.187188868139 -0.431041964810 -0.693326683637 -0.842321001667
