# Number of parameters = 168 Objective function value = 28799.6051162643  Maximum gradient component = 9.29833166748266e-06
# log_L50flom:
 4.03185874258139
# log_sdL50flomL:
 2.13186112854481
# log_sdL50flomR:
 6.90775527895618
# log_L50floh:
 3.78291905803048
# log_sdL50flohL:
 1.95097508473152
# log_sdL50flohR:
 4.60516932006002
# log_L50cruh:
 3.41467473921955
# log_sdL50cruhL:
 1.15805188483292
# log_sdL50cruhR:
 6.90775366876357
# log_L50crum:
 5.10275172667966
# log_sdL50crumL:
 3.21854493600816
# log_sdL50crumR:
 6.90775527898688
# log_Ro:
5.26291260695
# log_propmR:
-0.693140000000
# log_dev_Ro:
 -0.886777899007 -0.691973923392 -0.466391693382 -0.205772243074 1.75876178887 -0.453932295654 -0.772942835476 -0.862987037946 -0.721958729799 2.08383853977 0.196745204852 1.39945086207 0.421840157526 -0.0178070717845 0.156068144052 -0.168840584843 0.265724916486 -0.752490967040 0.135842960778 0.531786809558 0.761458994582 0.666311182895 0.875898070287 0.619238048283 0.467917967892 0.799329354544 0.635779423202 -0.317495723822 0.842722840977 -0.0280702446462 -0.0860479128655 0.409265941913 -0.203379837942 -0.721863212936 -0.647136355419 -0.790256181768 -0.404881022980 -0.809914945548 -0.717770991056 -0.709266306585 -1.13511030750 -0.454912884070
# log_dev_Nom:
 -0.400878790162 -0.711469536516 -1.39052666223 -2.07358320912 -2.34490884516 -1.97311353320 -0.968367508850 -0.103927072622 -0.00115392316613 -2.60705401622e-06 -5.14894793469e-11
# log_dev_Noh:
 -0.672418433547 -0.865023251631 -0.978213202027 -1.01660720561 -0.998158991582 -0.942323651109 -0.864424659040 -0.763926953382 -0.647597767321 -0.542570044840 -0.847145367898
# log_Fm:
 2.99999998490 -9.98332650917 -9.99525803882 -9.99728925430 -9.99601684137 1.55654974491 2.30636025460 -9.97782677268 -9.99367610298 -9.99432725595 0.376813161103 1.22970388271 0.350401631731 1.14804254643 0.193691716970 0.874158662826 0.761103587837 1.05204396249 1.31954052461 1.63774944804 2.44870679778 2.99999998804 2.60278861513 1.34863672442 1.80040181184 1.07982668880 1.45923744978 1.33722000682 1.19646597412 1.11086911449 0.974779091414 0.962352108647 0.679235674899 1.00747981983 0.686033893986 0.528818673030 0.915954403650 0.933263350628 0.962678077359 1.11705405809 1.16134023456 1.29850071588
# log_Fh:
 -9.99998424669 -0.851466356346 -9.14848296329 -2.69332151928 -1.47177501823 -9.98090764583 -0.574786628031 1.59823111003 1.72690836117 2.99999887186 2.99999980506 2.99999997518 2.99999998188 1.18990781291 -0.382853967100 0.476305230050 0.0207856371277 0.0691191544108 0.321991189908 0.928836622624 0.719152864491 0.335054971076 0.941125520979 -0.639950887732 0.0410903440916 -0.378753847173 -0.133836574664 -0.450598426229 -0.444855237513 -0.504879659900 -0.384405402505 -0.390618541109 -0.204434415453 -0.715424469792 -1.04804553627 -1.16233838990 -0.375440547132 -0.797043332930 -0.718703753199 -0.988789385674 -1.16350231638 -0.739567804495
# log_qflo:
 -7.33079756497
# log_qcru:
 1.13193211705 1.20109300364
# log_Lom:
2.89037175790
# log_cv_edadm:
-2.30258509299
# log_Loh:
2.77258872224
# log_cv_edadh:
-2.30258509299
# log_Mh:
-1.20397280433
# log_Mm:
-1.20397280433
# log_Fref:
 1.05538700947 0.412741130669 0.129046652258 -0.0342178205325
