# Number of parameters = 168 Objective function value = 22163.8710735647  Maximum gradient component = 9.85330938334528e-05
# log_L50flom:
 3.78829840825636
# log_sdL50flomL:
 1.74087174072470
# log_sdL50flomR:
 2.31258011266253
# log_L50floh:
 3.49876851147542
# log_sdL50flohL:
 0.0429267740236696
# log_sdL50flohR:
 0.650962874483298
# log_L50cruh:
 3.57177642082342
# log_sdL50cruhL:
 1.37879354282211
# log_sdL50cruhR:
 0.0901544493318681
# log_L50crum:
 3.84384582447339
# log_sdL50crumL:
 2.05765389595963
# log_sdL50crumR:
 0.307294836888228
# log_Ro:
5.78250559029
# log_propmR:
-0.693140000000
# log_dev_Ro:
 0.393423309342 -0.0962871466970 -0.185744997250 -0.209384731164 -0.203603625755 0.00899025331313 0.442526680642 0.100922234359 -0.157448209612 -0.123531020458 0.246471422577 0.687665076833 -0.257425154125 -0.892727397521 -1.29573865418 -1.49352907893 -1.31260903790 -0.385284675610 0.466680514519 0.894961677189 1.58667093571 0.102648942442 0.132673905544 0.965935509882 0.485299947986 0.180145192754 0.136519183565 0.0892470026608 0.976204963261 -0.739804719538 0.129962333214 -0.285555738727 -0.410726208705 -0.0267799236007 -0.0952617989376 -0.348776990385 -0.781864284645 -0.952930398707 0.827417498611 1.51230000437 -0.163035467717 0.0513826713935
# log_dev_Nom:
 0.269139561696 0.336570942585 0.236070969746 0.158059902510 0.119637148011 0.0971141921063 0.0790900605238 0.0579626511528 0.0478805315952 0.0350173780614 0.0773552633067
# log_dev_Noh:
 0.262483702357 0.110157971431 0.0750288164679 0.0614438727883 0.0458648445482 0.0301451248571 0.0182651378574 0.0139895758265 0.00871376849910 0.00609466160537 0.0119824924941
# log_Fm:
 -19.5941179854 -16.8272925487 -0.200000025518 -0.341035975177 -0.200000017843 -0.888206213135 -0.585475879734 -0.274958392580 -0.200001001425 -0.377593713866 -3.36309397834 -19.5972464694 -2.13208055266 -17.7816186535 -2.88026158827 -2.05616975156 -1.71644537615 -4.69908025520 -1.06405525666 -0.390228252347 -0.200000002708 -1.42295268402 -19.5988752560 -19.4009371010 -19.1064287712 -19.5314714819 -4.52093191744 -2.97044416350 -2.82626772514 -2.00219664094 -1.90232518812 -2.23271900457 -1.84524510209 -2.38002250614 -2.62554150797 -2.71956621411 -2.00030315021 -1.82741870116 -1.71146839945 -1.65490392110 -1.50152629893 -1.34943937022
# log_Fh:
 -1.98442215747 -0.589088645645 -0.200000084765 -0.200000323886 -0.200000029305 -16.5269599364 -16.3153947977 -3.67933394680 -0.872622982937 -0.200000410514 -0.200000067686 -0.865232304586 -0.200000090946 -0.898579020448 -1.58804159382 -19.5775634801 -18.4063055504 -18.9549358377 -0.383238061935 -0.200000001934 -0.287893737111 -1.35591812515 -5.09882035235 -3.01494369944 -3.77958294906 -4.14069548886 -10.0866155997 -2.76476290977 -2.71631742226 -2.22214722292 -2.22800206904 -1.29067979614 -2.48380319993 -2.50246653276 -2.61819218840 -2.11017770326 -1.61190103728 -1.98824070540 -1.74206151617 -1.54793849450 -1.29354722995 -1.25693298629
# log_qflo:
 -9.28176828496
# log_qcru:
 -0.442222279261 0.0318372664385
# log_Lom:
2.94443897917
# log_cv_edadm:
-2.30258509299
# log_Loh:
2.94443897917
# log_cv_edadh:
-2.30258509299
# log_Mh:
-1.20397280433
# log_Mm:
-1.20397280433
# log_Fref:
 0.828929381791 0.300594803446 0.0850812530299 -0.0372370754344
