# Number of parameters = 148 Objective function value = 15940.9826963252  Maximum gradient component = 8.64507122511434e-05
# log_L50flom:
 1.94886403755380
# log_sdL50flomL:
 0.919022644753065
# log_L50floh:
 1.42632573482039
# log_sdL50flohL:
 0.225587759821917
# log_L50crum:
 2.14672501871084
# log_sdL50crumL:
 1.25767435679570
# log_L50cruh:
 1.47579435176269
# log_sdL50cruhL:
 0.771967420043022
# log_Ro:
5.10248430414
# log_propmR:
-0.693140000000
# log_dev_Ro:
 0.0242017333969 -0.0622798093362 -0.0155069991773 -0.0117658857561 -0.0928321468923 1.34576356433 -0.0543422777793 -0.437363239099 -1.35483189272 -1.68937661082 -1.43773924095 -0.679103144749 -0.278109894763 0.530453708744 0.574226075510 0.688683708700 0.0667491213764 0.817289593393 0.551830393065 0.238881895086 0.313427030161 0.263181396759 0.452481875849 -0.518629645351 0.175939300206 -0.253312936447 0.105363317889 0.00649510557507 0.210542438135 -0.0632205425446 -0.299216186192 -0.492011356260 0.700667557222 1.28251707439 -0.467801178058 -0.141251902892
# log_dev_Nom:
 -0.293582260410 -0.331493936299 -0.211645214033 0.162643797146 1.61841960070 0.670331543861 0.678137324006 0.367657808423 0.149146971045 0.0549160930040 0.00978413836780
# log_dev_Noh:
 -0.460548040215 -0.932828927258 -1.09014528257 -1.11895168341 -1.03466422017 -0.887430434833 -0.733028947814 -0.585090570643 -0.446893944448 -0.327526362898 -0.342275622237
# log_Fm:
 -0.224988183903 -0.137539356430 0.0333580080881 0.487504633959 0.999999786319 0.600950130631 0.999999908234 -0.415703026243 -1.39951094021 -1.97449975303 -2.49414393022 -4.02903571442 -0.427834244293 0.375561733792 0.999999998797 0.999999996474 -3.25101156222 -1.25402054347 -2.20068371859 -2.90457122292 -3.03205738626 -1.26339215788 -1.17981467207 -0.240065850791 -0.100584740947 -0.566011697814 0.0583960776223 -0.383251971457 -0.844623278375 -1.12894823523 -0.545521151398 -0.370195886041 -0.254625311826 -0.188039964760 0.0156551652299 0.299159813875
# log_Fh:
 -1.77743806497 -2.14076699026 -2.14921586805 -2.16461229277 -2.86764006286 -2.86270389494 -0.674109354270 -1.61779208108 -1.29207636627 -1.37429580481 -1.09323798423 -5.12159200175 -0.729844835048 -0.233223953898 -0.363907777554 -0.784882139897 -6.01709109670 -3.90111666977 -4.49599265206 -5.10223189689 -5.05355793505 -2.68740467962 -2.72390105005 -2.23277152243 -2.38469480552 0.363043837893 -1.77609320419 -1.91348507342 -2.37884821345 -2.12104227961 -1.86107864561 -2.39120428560 -2.21220857792 -2.05095583166 -1.79084959691 -1.68162622733
# log_qflo:
 -8.46874411929
# log_qcru:
 1.19744498296 1.19008757767
# log_Lom:
2.94443897917
# log_cv_edadm:
-2.36605087558
# log_Loh:
2.94443897917
# log_cv_edadh:
-2.78466361081
# log_Mh:
-1.20397280433
# log_Mm:
-1.20397280433
# log_Fref:
 -0.194253907878 -0.723250822523 -0.954700548340 -1.08815092467
