# Number of parameters = 148 Objective function value = 22482.6605471284  Maximum gradient component = 9.99493718892696e-06
# log_L50flom:
 1.90000000318597
# log_sdL50flomL:
 0.599999959256044
# log_L50floh:
 1.39877383453808
# log_sdL50flohL:
 0.200000091185184
# log_L50crum:
 1.80000000690050
# log_sdL50crumL:
 0.599999995646912
# log_L50cruh:
 1.42445280312581
# log_sdL50cruhL:
 0.648977104209157
# log_Ro:
5.12295832335
# log_propmR:
-0.693140000000
# log_dev_Ro:
 0.201929989068 -0.114307219644 -0.249339271643 -0.164640327662 -0.229913056967 1.32433279268 0.0822987076093 -0.0924509629327 -1.87636161552 -2.49422502774 -2.03846702305 -1.31258834593 -0.458106816779 0.901467780522 0.828152672701 0.724634747628 0.173963723491 0.792522455285 0.348935928422 0.105337404272 0.387978286481 -0.664594686493 0.628023060476 -0.235029920297 0.184848979155 -0.327123101527 0.103485109071 0.137485660312 0.170267355438 -0.385854817759 0.164059009113 -0.188393136296 1.53575796818 2.38143044434 -0.204767169912 -0.140749574089
# log_dev_Nom:
 -0.192211736516 -0.307904510513 -0.162458239605 0.468785215256 1.44927401747 0.553119189551 0.840221226617 0.322088265660 0.110049311002 0.0376233242599 0.00642867880111
# log_dev_Noh:
 -0.469671961342 -0.908943898039 -1.06101384233 -1.09232069918 -1.02242201627 -0.896763703884 -0.762995988876 -0.630725601159 -0.501767068747 -0.385347621132 -0.460025781328
# log_Fm:
 -0.223456903108 -0.155743417889 -0.0197540867022 0.459131976039 0.999999898490 0.565916171255 0.999999970734 -0.0774756402705 -0.972974532844 -1.57994348956 -2.16848737018 -3.97612617092 -0.485456884272 0.318955682749 0.999999998937 0.999999999361 -2.54103241313 -0.539888078951 -2.03387078649 -3.04477069778 -3.47064025320 -1.58932306039 -1.49132209520 -0.493640543830 -0.282770392091 -0.289485221978 0.166904529051 -0.189609635845 -0.662190604718 -1.09740909846 -0.563779330981 -0.384563516928 -0.219496194622 -0.126050373826 0.200111424710 0.736267456037
# log_Fh:
 -2.13636910841 -2.42652091484 -2.43303037947 -2.44180858628 -3.16403698758 -3.21408297092 -0.997864577992 -2.30019319000 -1.62169488792 -1.61576549260 -1.26368179103 -5.37214482820 -0.879487848344 -0.384828838128 -0.489603887085 -1.22409050462 -6.32906976110 -5.08891600257 -4.57490928001 -5.14032081253 -4.84472934179 -2.87784346087 -2.86598502304 -2.31123288120 -2.42959941886 -0.266045257342 -2.16018907237 -2.27597344662 -2.67321255339 -2.35170921801 -2.06319215153 -2.57039124879 -2.35649582577 -2.12633342432 -1.85103672634 -1.83719012536
# log_qflo:
 -8.59809778534
# log_qcru:
 0.955978950330 0.745339162590
# log_Lom:
2.94443897917
# log_cv_edadm:
-2.06530979920
# log_Loh:
2.94443897917
# log_cv_edadh:
-2.75133030987
# log_Mh:
-1.20397280433
# log_Mm:
-1.20397280433
# log_Fref:
 -0.270409962097 -0.781653785272 -1.00718162344 -1.13766540290
