# Number of parameters = 148 Objective function value = 15895.5322116421  Maximum gradient component = 6.82814347491687e-05
# log_L50flom:
 1.97053458452193
# log_sdL50flomL:
 1.18433350635135
# log_L50floh:
 1.51839917551694
# log_sdL50flohL:
 0.368944984523334
# log_L50crum:
 3.34696381563167
# log_sdL50crumL:
 1.83152042314229
# log_L50cruh:
 1.60503301420632
# log_sdL50cruhL:
 0.877515483824717
# log_Ro:
3.96812993787
# log_propmR:
-0.693140000000
# log_dev_Ro:
 0.393126827491 0.0206427210641 0.00806378046070 0.0232620546049 0.391055133626 1.14293587014 -0.0779573472799 -0.223037216639 -0.946333313581 -1.24542334253 -1.14172613460 -0.724035719610 -0.566713663569 0.251276235639 0.304024975981 0.324361418979 -0.00168881048683 0.740618531214 0.481440971434 0.534912693317 0.408518809911 0.513782305543 -0.0368252699677 -0.301700127901 0.0838871316097 -0.211305343367 -0.0107799492863 0.0383864855386 0.186386602895 -0.158843213762 -0.410123061155 -0.467710870019 0.695840114879 0.643231814981 -0.620991216169 -0.0405598793865
# log_dev_Nom:
 -0.0327497687518 -0.0237312673745 0.0918746367830 0.367481914209 1.56615460824 0.557316947800 0.496087540177 0.328285062736 0.157136186511 0.0629925099866 0.0113000345742
# log_dev_Noh:
 -0.154275966380 -0.692337832187 -0.878264404682 -0.902706159039 -0.785456212590 -0.600435490544 -0.423109355523 -0.278712882759 -0.170814565816 -0.0986635248597 -0.0575283425227
# log_Fm:
 0.00823069649277 0.145086533977 0.331413804149 0.744228173644 0.999999978980 0.511680349019 0.999999979401 -0.0292097253423 -0.841190396461 -0.930535195095 -0.844421518847 -3.74081616542 -0.270098432473 0.492792937682 0.999999998450 0.999999984976 -3.35013552623 -1.52573709829 -2.29821557405 -2.94300281083 -3.18180648993 -0.883650573131 -0.853891976676 0.00321342878160 0.00585562618703 -0.517324156922 0.0145650564382 -0.358824084192 -0.878903416286 -1.14898828254 -0.515267608983 -0.348248704924 -0.252068106215 -0.183764101454 0.0409574629245 0.370216502224
# log_Fh:
 -0.714832059007 -1.10409281667 -1.10888369234 -1.14085143915 -1.50380541037 -2.20894097006 -0.170021156150 -1.29275263791 -0.793688028695 -1.01425639107 -0.994060525197 -4.73883601299 -0.401602386958 0.223661549257 0.603242864476 0.810185755067 -4.21153683443 -1.81669644296 -2.80223640056 -3.50579035254 -3.37515074015 -1.58701498759 -1.68874126866 -1.31829438909 -1.69755670275 0.771327634522 -0.721635576513 -0.654467527247 -1.33157778360 -1.20446248890 -0.858590306071 -1.37033402628 -1.27831227487 -1.17925980907 -0.915921057271 -0.730025614871
# log_qflo:
 -7.93411667507
# log_qcru:
 2.90226573912 2.46519926679
# log_Lom:
2.94443897917
# log_cv_edadm:
-2.54443933531
# log_Loh:
2.89037175790
# log_cv_edadh:
-2.74129155386
# log_Mh:
-1.77195684193
# log_Mm:
-2.04022082853
# log_Fref:
 -0.958385982010 -1.43632038034 -1.65147797755 -1.77678363729
