# Number of parameters = 142 Objective function value = 2600.53388084226  Maximum gradient component = 8.22717221746866e-06
# log_L50flom:
 1.79267895115995
# log_sdL50flomL:
 0.918700800797596
# log_L50floh:
 1.40837769611136
# log_sdL50flohL:
 0.752724413634387
# log_L50cruh:
 0.980826264191861
# log_sdL50cruhL:
 0.126661118409600
# log_L50crum:
 1.69052495479499
# log_sdL50crumL:
 1.09058231712879
# log_Ro:
5.76413843854
# log_propmR:
-0.693140000000
# log_dev_Ro:
 0.228420070561 0.576534253468 0.599029151302 0.514307677148 0.596341992323 0.172534433560 -0.0960804958641 -0.224599251645 -0.284872080289 -0.516106971632 -0.314544748204 0.152130124624 0.446438677154 0.504763689437 0.648952272105 0.363747707175 0.185129095900 0.398740082375 0.248747777891 -0.0480170970346 0.00501653134450 0.0542284551321 -0.355753764428 -0.202226873801 -0.186761593925 -0.435868961324 -0.574625193274 -0.596278577015 -0.441277290301 -0.363007668552 -0.477692079660 -0.376136031106 -0.205261783197 0.00404846974939
# log_dev_Nom:
 -0.0555699113429 0.313028485798 0.729815263240 0.251538637638 -0.104141862861 -0.260139902218 -0.255649053529 -0.170629285507 -0.0913290996762 -0.0425578355226 -0.0119000568625
# log_dev_Noh:
 0.496879030327 0.137313389071 -0.0790442390299 -0.207016559893 -0.219813936518 -0.148600637646 -0.0795166780434 -0.0380450843743 -0.0172125199987 -0.00755147172470 -0.00220886103331
# log_Fm:
 -0.449423958941 -16.8463183091 -17.2373384593 -1.55560224725 -1.55067374912 -1.54402321819 -2.05566278653 -1.12342352973 -0.938957608879 -0.423331268361 -0.159683547446 -0.180504523684 0.359497563995 0.999999988501 0.415337064387 -0.936483950469 -0.390476812635 -1.06791333808 -0.768443596541 -0.900134449536 -1.08338558379 -1.10711999199 -1.22605497724 -1.25380683301 -1.50469070713 -1.12582240370 -1.41318878041 -1.51523172882 -1.08098230151 -1.00372648140 -1.02027784782 -0.986420219948 -1.02417219956 -1.06761791675
# log_Fh:
 -0.502026694647 0.845117219457 0.482823045492 0.999999896222 0.999999927998 -0.0506472715962 -1.91909892966 -1.15697268977 -1.46837173669 -1.31484618416 -1.14661077037 -1.09710808078 -1.30830828215 -1.44030385002 -1.36603501539 -2.68671856084 -1.92113931722 -2.22666643786 -2.02358757317 -2.23178775083 -2.19360218781 -2.16057788462 -2.05254480926 -2.05396838144 -1.88975893043 -2.29283019492 -2.55417741743 -2.60621141715 -1.91488988503 -2.19763874052 -2.14704586997 -2.43965768336 -2.59805747519 -2.31414944028
# log_qflo:
 -9.15293957675
# log_qcru:
 -0.156433981655 -0.100441840648
# log_Lom:
2.89037175790
# log_cv_edadm:
-2.40899862766
# log_Loh:
2.89037175790
# log_cv_edadh:
-2.50469581285
# log_Mh:
-1.20397280433
# log_Mm:
-1.20397280433
# log_Fref:
 -0.111466014593 -0.650856520342 -0.887218545446 -1.02336807660
