# Number of parameters = 148 Objective function value = 15940.9826963254  Maximum gradient component = 5.11337357992170e-06
# log_L50flom:
 1.94886403699942
# log_sdL50flomL:
 0.919022644059438
# log_L50floh:
 1.42632573304009
# log_sdL50flohL:
 0.225587744322270
# log_L50crum:
 2.14672501407622
# log_sdL50crumL:
 1.25767435472926
# log_L50cruh:
 1.47579435375874
# log_sdL50cruhL:
 0.771967417040551
# log_Ro:
5.10248430594
# log_propmR:
-0.693140000000
# log_dev_Ro:
 0.0242017870018 -0.0622798389647 -0.0155069929749 -0.0117659619562 -0.0928320385081 1.34576355625 -0.0543422738573 -0.437363299233 -1.35483190225 -1.68937659981 -1.43773924726 -0.679103122199 -0.278109920315 0.530453750167 0.574226044413 0.688683725744 0.0667490732354 0.817289636865 0.551830332567 0.238881991146 0.313427003176 0.263181449976 0.452481862262 -0.518629647286 0.175939316005 -0.253313055521 0.105363481194 0.00649479798031 0.210542625781 -0.0632206909750 -0.299216114772 -0.492011322052 0.700667521720 1.28251713885 -0.467801164139 -0.141251902267
# log_dev_Nom:
 -0.293582215248 -0.331493916636 -0.211645199707 0.162643726911 1.61841960127 0.670331577015 0.678137290582 0.367657761262 0.149147001692 0.0549160841116 0.00978413389847
# log_dev_Noh:
 -0.460548073582 -0.932828984329 -1.09014526461 -1.11895170568 -1.03466424028 -0.887430440772 -0.733028979989 -0.585090575069 -0.446893951888 -0.327526377585 -0.342275629917
# log_Fm:
 -0.224988171736 -0.137539357825 0.0333580046995 0.487504643798 0.999999785975 0.600950051531 0.999999908233 -0.415702855987 -1.39951093069 -1.97449981115 -2.49414394082 -4.02903585395 -0.427834237567 0.375561728630 0.999999998796 0.999999996467 -3.25101126276 -1.25402054860 -2.20068368809 -2.90457119168 -3.03205739757 -1.26339215424 -1.17981467401 -0.240065866163 -0.100584762084 -0.566011717266 0.0583960714101 -0.383251973080 -0.844623276170 -1.12894824219 -0.545521149443 -0.370195895696 -0.254625320849 -0.188039973579 0.0156551580317 0.299159806740
# log_Fh:
 -1.77743804862 -2.14076699160 -2.14921588271 -2.16461232488 -2.86763991323 -2.86270364718 -0.674109382661 -1.61779217199 -1.29207637472 -1.37429579682 -1.09323799387 -5.12159155086 -0.729844825288 -0.233223962765 -0.363907785956 -0.784882141669 -6.01709209645 -3.90111667273 -4.49599279547 -5.10223198452 -5.05355787248 -2.68740467843 -2.72390105518 -2.23277153522 -2.38469481197 0.363043851308 -1.77609319256 -1.91348506048 -2.37884820414 -2.12104227796 -1.86107864644 -2.39120428705 -2.21220856986 -2.05095583760 -1.79084959520 -1.68162623099
# log_qflo:
 -8.46874411289
# log_qcru:
 1.19744494629 1.19008757759
# log_Lom:
2.94443897917
# log_cv_edadm:
-2.36605087879
# log_Loh:
2.94443897917
# log_cv_edadh:
-2.78466360776
# log_Mh:
-1.20397280433
# log_Mm:
-1.20397280433
# log_Fref:
 0.00976916731984 -0.612127296582 -0.867703470620 -1.01202844253
