# Number of parameters = 142 Objective function value = 2661.43267883904  Maximum gradient component = 9.61373052990516e-06
# log_L50flom:
 1.78805602707157
# log_sdL50flomL:
 0.878515357060885
# log_L50floh:
 1.35509081616246
# log_sdL50flohL:
 0.699449610720747
# log_L50cruh:
 0.893491186148337
# log_sdL50cruhL:
 -0.120819457097851
# log_L50crum:
 1.48215174875228
# log_sdL50crumL:
 0.866446016082657
# log_Ro:
5.76695543959
# log_propmR:
-0.693140000000
# log_dev_Ro:
 0.161530593377 0.191033179410 0.413913184644 0.850925464221 0.643032213688 0.155167724366 -0.0347531512576 -0.0952016509519 -0.234640166498 -0.495151851950 -0.180960411494 0.249726994637 0.699749085038 0.819129217747 1.05751332932 0.704198660146 0.0919977380385 0.538830905165 0.224851588264 0.0109877368532 -0.163946548841 -0.0501821628641 -0.519573318043 -0.244757205518 -0.161275145594 -0.520279875684 -0.439815953966 -0.756833039199 -0.741856087898 -0.706175545093 -0.806216597290 -0.527298779432 -0.166661776318 0.0329916529801
# log_dev_Nom:
 -0.0613001705620 0.292534758463 0.773902848064 0.184010624265 -0.0736726617321 -0.125602195431 -0.0904428808343 -0.0412360806719 -0.0148908693995 -0.00358445109337 -0.000952394517022
# log_dev_Noh:
 0.864047450747 0.331850742889 0.0398348818435 -0.0989258840832 -0.173200180525 -0.180264968877 -0.156003262070 -0.123098471773 -0.0919114570314 -0.0639987796446 -0.0653803853760
# log_Fm:
 -0.680081357552 -0.539232945333 -1.10583071485 -0.568590012888 -0.573127199310 -0.803581024461 -1.65690719154 -0.777874862596 -0.643350383495 -0.213761365157 -0.0113282679679 -0.0654687566078 0.446679299340 0.999999992851 0.364403970185 -1.03570796991 -0.543500978755 -1.28375655429 -1.05246141780 -1.24937970065 -1.49233886191 -1.54070344369 -1.63782325510 -1.60791017101 -1.79970576501 -1.37339447112 -1.61257695466 -1.63965136685 -1.16976720997 -1.08442971171 -1.06060323555 -1.00705659652 -0.814799643512 -0.761906989498
# log_Fh:
 -1.65606092983 -1.55019533945 -2.07258496038 -1.61806832264 -1.69162312905 -1.95320737028 -2.84308658684 -1.83825374529 -1.97947105355 -1.71647914873 -1.50951926639 -1.45562808526 -1.64095637233 -1.76637789614 -1.68451559770 -3.00853639970 -2.26415024472 -2.60348092486 -2.42288919577 -2.61913487680 -2.55858599573 -2.50228251356 -2.36313187630 -2.31323557355 -2.09685857009 -2.45990882364 -2.69227789454 -2.70895984276 -2.01981119516 -2.30889033440 -2.21608143565 -2.47110064905 -2.39383086136 -2.05586295881
# log_qflo:
 -9.41969466945
# log_qcru:
 -0.552572226620 -0.397764947607
# log_Lom:
2.89037175790
# log_cv_edadm:
-2.35966327471
# log_Loh:
2.89037175790
# log_cv_edadh:
-2.49086965017
# log_Mh:
-1.20397280433
# log_Mm:
-1.20397280433
# log_Fref:
 -0.368083325733 -0.829018287080 -1.04032634015 -1.16423799765
