# Number of parameters = 142 Objective function value = 28761.7622834104  Maximum gradient component = 3.01282468778692e-05
# log_L50flom:
 1.93711003829665
# log_sdL50flomL:
 1.10724205439448
# log_L50floh:
 1.49866479139355
# log_sdL50flohL:
 0.712173985083732
# log_L50cruh:
 1.17382980001452
# log_sdL50cruhL:
 0.280790119649446
# log_L50crum:
 1.78810312255952
# log_sdL50crumL:
 1.22344280901715
# log_Ro:
5.50644969640
# log_propmR:
-0.693140000000
# log_dev_Ro:
 0.0418285924443 1.63747906462 0.477704159120 0.985361631994 0.244930167821 0.247694988769 0.0241110976601 -0.143302045030 -0.320718219175 -0.548802104977 0.0665770048725 0.498422855117 0.689627939634 0.749015139348 0.764579353354 0.628759272331 0.481940987182 0.625152111267 0.534564042764 -0.0810679540531 0.502898505746 -0.155089110585 -0.0150949062662 -0.00855009893750 -0.316194686769 -0.841100883577 -0.820628998889 -0.981573666283 -0.647763816468 -1.00822535983 -0.917073115730 -1.05654218563 -1.37724172460 0.0383219627469
# log_dev_Nom:
 -0.550147098218 -0.559643870830 -0.168180765086 0.173408778992 0.148958091195 0.0937508403419 0.0571074268586 0.0281818134133 0.0117708267001 0.00461584422771 0.000858185028928
# log_dev_Noh:
 0.498429403902 1.28760270253 0.201847149896 0.0453040066428 0.0197633583957 0.00730673995515 0.00164867178162 0.000303669947666 5.12887812611e-05 8.66831789637e-06 2.80612692194e-07
# log_Fm:
 -0.268946306980 0.999999961711 -18.8376760679 0.999999973699 -0.000695153235473 -18.9865719400 -1.00154258922 -0.400000005219 -0.508491997813 -0.202268271756 0.100924007875 0.393339550608 0.905547731157 0.999999998845 0.810881660823 -0.471252523873 0.0384486306643 -0.614850982103 -0.224241324777 -0.293932518771 -0.432538145109 -0.487218035560 -0.588734356419 -0.528479705931 -0.768268784225 -0.409990744538 -0.753011185087 -0.887376714876 -0.541833356058 -0.555123309105 -0.507952096734 -0.370432693099 -0.321332458710 -0.157900311460
# log_Fh:
 0.433258368924 -19.5912502332 -0.231647668830 -0.618970732091 0.315273311148 0.311384828610 -1.89924933744 -0.949065271985 -1.29407924765 -1.15899953972 -0.815286995267 -0.0285828839627 -0.522478985375 -1.12011218326 -0.510008815306 -2.09325137786 -1.46003605525 -1.83332862446 -1.57992874743 -1.77997028977 -1.73096489252 -1.73494416520 -1.59925320455 -1.52388923620 -1.32173128981 -1.77852127398 -2.10744255878 -2.18438179338 -1.49933204281 -1.88056177044 -1.73151076861 -1.96737680834 -2.11169648364 -1.68698283201
# log_qflo:
 -8.61522050125
# log_qcru:
 0.326766380995 0.318059205229
# log_Lom:
2.89037175790
# log_cv_edadm:
-2.54335648698
# log_Loh:
2.77258872224
# log_cv_edadh:
-2.79261101914
# log_Mh:
-1.20397280433
# log_Mm:
-1.20397280433
# log_Fref:
 -0.0956710605587 -0.639870923730 -0.877754723555 -1.01468519890
