# Number of parameters = 172 Objective function value = 29546.9006498264  Maximum gradient component = 7850.99009028489
# log_L50flom:
 3.89316825924858
# log_sdL50flomL:
 0.394405967577717
# log_sdL50flomR:
 3.77547437267621
# log_L50floh:
 3.83912980202170
# log_sdL50flohL:
 0.484652262313794
# log_sdL50flohR:
 3.60896312653038
# log_L50cruh:
 3.27145570869335
# log_sdL50cruhL:
 0.397613332098655
# log_sdL50cruhR:
 3.55513557494648
# log_L50crum:
 3.30685317382780
# log_sdL50crumL:
 0.395355632088658
# log_sdL50crumR:
 3.55725247993526
# log_Ro:
2.81818549947
# log_propmR:
-0.693140000000
# log_dev_Ro:
 -2.47281320100 -0.134266930346 1.04940528986 -1.53683805138 -2.15064711425 5.61029427514 -3.27707830748 6.13777413375 2.51337754731 3.61433613572 -2.21003845688 3.63602556029 -1.06401080922 -6.52491024638 -3.58326887242 -3.62453559593 5.49630724997 -2.26578059726 6.47369065260 -1.62882539075 -3.04395606216 -2.53024387348 3.58832278072 -2.18379378017 5.11408712504 -1.32791034136 -0.920828633150 -2.85877279649 -4.68403361469 4.88568785268 1.04773635916 -1.77142706362 -6.15188419845 -1.66484996873 0.299143625014 -0.150458425410 2.71206595019 -1.25574320304 -1.41797832565 -0.643386057147 0.635385115256 8.26464026414
# log_dev_Nom:
 -0.192244017282 0.877263437606 3.48017649619 6.35374493334 0.329698659128 -0.0279497570255 5.15433642474 -0.0321923407894 6.74468066709 -0.00366631545797 2.01414182128
# log_dev_Noh:
 0.336951384124 0.307902460492 0.298537344232 0.281185977065 0.243813986269 0.260500264536 0.160086169559 0.204067897585 0.105761381722 0.180864258775 0.190272566868
# log_Fm:
 -2.10797120736 -1.38229585481 -0.225886364423 -0.338489228876 -0.390283826918 -1.11331276996 -1.00156663949 -0.991760002968 -0.236280142566 -0.201441104702 -0.220353947035 -0.716076995774 -0.201380611759 -0.338731231350 -0.548875643101 -0.838378618707 -1.29999060539 -3.98694438913 -0.961038909551 -0.838723582636 -0.208987708245 -1.69929822881 -19.9964618813 -2.00046930530 -2.34714148230 -2.77180926758 -2.90985950081 -2.12951354010 -2.47780093956 -1.31629480484 -1.31823013590 -14.5622608571 -0.977896071892 -1.11411111342 -0.230764517646 -0.442068643042 -0.570596370850 -1.07816180123 -0.462728583093 -0.367541205458 -0.219592472896 -0.284556061350
# log_Fh:
 -8.93821473966 -9.78933787320 -10.0890939847 -10.0851467899 -10.1163275460 -9.96739534296 -10.0491911895 -10.1139794515 -10.1810684636 -10.2320638643 -10.1333654617 -9.47928326451 -8.75017166171 -7.76883720890 -7.47887201706 -7.22639308390 -7.15527534060 -6.92756542320 -0.634532660684 -0.984750616447 -0.623612997783 -1.34005164307 -4.28884640016 -6.25033049515 -6.03452642537 -6.11946475940 -6.10620048568 -1.96733131539 -2.57027420851 -1.92113380113 -2.33791713754 -0.404700562737 -1.71920276852 -1.37191626261 -0.551381899899 -0.200110801285 -0.666297924810 -0.209899949862 -0.239831372624 -0.213935148578 -0.270180664908 -0.421643889756
# log_qflo:
 -7.17318169061
# log_qcru:
 -0.0139138617187 -0.0192668761100
# log_Lom:
1.90113690738
# log_cv_edadm:
-1.90681108122
# log_Loh:
1.49042311226
# log_cv_edadh:
-1.96663222191
# log_Mh:
-1.20397280433
# log_Mm:
-1.20397280433
# log_Fref:
 0.00213906260054 0.00176141331458 0.00157260950515 0.00145933388650
