# Number of parameters = 142 Objective function value = 28682.9170301413  Maximum gradient component = 4.60778729911663e-05
# log_L50flom:
 1.93118479768607
# log_sdL50flomL:
 1.09389857331569
# log_L50floh:
 1.47366334947229
# log_sdL50flohL:
 0.671673508406839
# log_L50cruh:
 1.18865261651504
# log_sdL50cruhL:
 0.302582690863092
# log_L50crum:
 1.80088296755561
# log_sdL50crumL:
 1.22133637186676
# log_Ro:
5.55878318879
# log_propmR:
-0.693140000000
# log_dev_Ro:
 0.0316418092973 1.59572659140 0.431774234167 0.933643713887 0.206441471474 0.189270829553 -0.0224262146620 -0.211759041568 -0.389414689140 -0.637529480247 -0.0190819724895 0.394884682991 0.578011493242 0.626929421735 0.628629513900 0.530544068879 0.405089996183 0.569666515734 0.499228180352 -0.0634340628938 0.538930107238 -0.0950758209323 0.0474185298676 0.0428054560035 -0.228377087568 -0.800676228985 -0.739364254243 -0.850938961910 -0.493918939465 -0.847136759621 -0.728403515749 -0.890885055207 -1.25589813617 0.0236836049457
# log_dev_Nom:
 -0.568325672838 -0.549380370279 -0.159352671646 0.0668059346953 0.0666515503244 0.0592439013965 0.0277670302629 0.00547405103178 -0.000479140702558 -0.000803915984722 -0.000296598251790
# log_dev_Noh:
 0.684903359690 0.964718308774 0.204162187517 0.0209293036845 -0.0101736337516 -0.00486059717315 -0.00131675708635 -0.000324772575256 -8.10094220860e-05 -1.73148976810e-05 -8.64621528152e-07
# log_Fm:
 -0.265963605931 0.999999965478 0.973155615387 0.999999972240 -0.251794639558 -18.1350676832 -1.00309999720 -0.418624861394 -0.529034283231 -0.219985891358 0.0864340189019 0.383799559898 0.905884465242 0.999999998908 0.857894003067 -0.411750614622 0.111330828933 -0.528075683465 -0.140254561885 -0.255194652383 -0.404051738133 -0.469343747960 -0.593091805824 -0.597299692494 -0.867531128991 -0.524959790738 -0.859212720016 -1.01280602286 -0.618574344173 -0.595887244758 -0.580714359353 -0.474050459783 -0.467066455101 -0.370579103158
# log_Fh:
 0.286853605202 -18.2028999125 -18.9273589685 -0.293385576431 0.273542090627 0.195839474453 -1.98352505872 -1.02433990781 -1.35786052782 -1.21218192562 -0.861989039618 -0.0603498270747 -0.551959510822 -1.15788231953 -0.506328342993 -2.08883348684 -1.42949867178 -1.77804561617 -1.52390597364 -1.78206395938 -1.75258888819 -1.77732171257 -1.67607211114 -1.67100060060 -1.52375171871 -1.96670041072 -2.26571001828 -2.35090752660 -1.63124205540 -1.95115011917 -1.83702478108 -2.09331056808 -2.26849486007 -1.89288478876
# log_qflo:
 -8.66868561820
# log_qcru:
 0.403028018004 0.305046253001
# log_Lom:
2.89037175790
# log_cv_edadm:
-2.53838782113
# log_Loh:
2.77258872224
# log_cv_edadh:
-2.79729538039
# log_Mh:
-1.20397280433
# log_Mm:
-1.20397280433
# log_Fref:
 -0.372103738658 -0.828734183186 -1.03893446302 -1.16239250960
