# Number of parameters = 148 Objective function value = 22321.1530392381  Maximum gradient component = 1.99711569266870e-05
# log_L50flom:
 1.93904592158353
# log_sdL50flomL:
 0.888515150578896
# log_L50floh:
 1.42339283520825
# log_sdL50flohL:
 0.219244149684528
# log_L50crum:
 2.09809364816360
# log_sdL50crumL:
 1.19635527608233
# log_L50cruh:
 1.47619773560875
# log_sdL50cruhL:
 0.757610387162434
# log_Ro:
5.06765764761
# log_propmR:
-0.693140000000
# log_dev_Ro:
 0.0727594678331 -0.0428156867879 -0.0327232347950 -0.0383905448491 -0.119306028581 1.38764467685 -0.0250798359671 -0.370103447405 -1.35673709839 -1.74061549023 -1.50653915085 -0.780659440931 -0.425063238050 0.535529717244 0.723136649398 0.680210448959 0.0964291817712 0.786326593104 0.632720541416 0.277934111984 0.290842395570 0.266364047661 0.514512807745 -0.541657351732 0.215759458460 -0.245201596959 0.0269985318762 0.0686366064490 0.140187878875 -0.186452278758 -0.235227848960 -0.465988294693 0.934272432339 1.23746549261 -0.642378781075 -0.132791691143
# log_dev_Nom:
 -0.251528780746 -0.280634115471 -0.145075416268 0.235877300243 1.67001973694 0.604479775297 0.691134047770 0.362040179179 0.140224409604 0.0497796218399 0.00819362530012
# log_dev_Noh:
 -0.474646642309 -0.937446518684 -1.09144411667 -1.11458108045 -1.02365183780 -0.873029316273 -0.716894466576 -0.568403634377 -0.430829150904 -0.312989490297 -0.321094569704
# log_Fm:
 -0.187181304996 -0.110458031291 0.0473144897943 0.504928979592 0.999999926178 0.596119163012 0.999999934350 -0.366383317676 -1.36280208667 -1.94226662250 -2.47068587738 -4.02671771561 -0.437269920502 0.355903894413 0.999999998766 0.999999997081 -3.15797437840 -1.09722867018 -2.20497281521 -2.85399018514 -2.98288331998 -1.23952220400 -1.17359373707 -0.226163625434 -0.0846648402295 -0.521506240914 0.0712277831853 -0.350899131588 -0.842552034744 -1.15597196235 -0.579351680552 -0.389290536256 -0.252350975005 -0.142628765128 0.189289308081 0.706572289671
# log_Fh:
 -1.73875828344 -2.10554926174 -2.11440076936 -2.12890617588 -2.71774029985 -2.83605248980 -0.655239583832 -1.61028209016 -1.24985795437 -1.34777254686 -1.07500440784 -5.09022189545 -0.720757431743 -0.224612489143 -0.323005788213 -0.748612024091 -5.87834584591 -4.00580152701 -4.28124527282 -5.09081113012 -5.13692050295 -2.64530209563 -2.69810001915 -2.21772289981 -2.37144792621 0.374853641894 -1.77266697895 -1.89866751474 -2.38257316970 -2.13143980751 -1.86827087894 -2.38470548033 -2.19955145627 -2.00419799979 -1.67642832752 -1.47459252453
# log_qflo:
 -8.43754820262
# log_qcru:
 1.26526789835 1.19120780515
# log_Lom:
2.94443897917
# log_cv_edadm:
-2.34873889389
# log_Loh:
2.94443897917
# log_cv_edadh:
-2.77711338060
# log_Mh:
-1.20397280433
# log_Mm:
-1.20397280433
# log_Fref:
 0.00186384982812 -0.618029083331 -0.872963292389 -1.01697317999
