# Number of parameters = 168 Objective function value = 22600.5756616708  Maximum gradient component = 1378.07181151877
# log_L50flom:
 3.49650802244939
# log_sdL50flomL:
 -8.94408852937090
# log_sdL50flomR:
 6.90845195646656
# log_L50floh:
 3.33228405648071
# log_sdL50flohL:
 -8.33289589634293
# log_sdL50flohR:
 6.91031090295604
# log_L50cruh:
 3.42921294416761
# log_sdL50cruhL:
 0.950514804624901
# log_sdL50cruhR:
 6.90665320486272
# log_L50crum:
 3.36736734696510
# log_sdL50crumL:
 -6.89521540484426
# log_sdL50crumR:
 4.62150585628576
# log_Ro:
5.83815360698
# log_propmR:
-0.693140000000
# log_dev_Ro:
 0.207498996940 0.132956694788 -0.133788962078 -0.244199884743 -0.252384263343 -0.0541136966359 0.247896040644 0.656157831280 0.0337358373828 -0.0606154392959 0.141660937855 0.899920977427 0.00587664508090 -0.872086074843 -1.38488160546 -1.50934491843 -1.07079796488 -0.437242117729 0.800515704494 1.22335418800 1.79774753552 -0.430949241857 0.248632962630 1.07489490347 0.515052688641 0.158035159821 0.155904179431 0.307357125275 1.09579060532 -0.970426022219 0.181940364777 -0.296249137326 -0.892640510408 0.0198771172990 -0.298961486363 -0.411787992607 -1.23522786244 -1.37955382069 0.923987167604 1.09896655625 0.0237979416952 -0.0163071602814
# log_dev_Nom:
 0.337430029817 0.233985693335 0.208643443266 0.159613636980 0.126871159643 0.106948820877 0.0790576707605 0.0294030275500 0.0259469477360 0.0201836973112 0.0233925177796
# log_dev_Noh:
 -0.0268047612654 -0.0228884361252 -0.0142238397653 -0.00859412385733 -0.00866581915098 -0.0166868489413 -0.00701525917716 -0.00378701534110 -0.00746655453709 -0.0211682539898 -0.00603656609659
# log_Fm:
 -3.78141324370 -11.0571738441 -11.8421988925 -12.1639273828 -1.74373865371 -19.6765090192 -1.86296887906 -13.6081183885 -2.04233618860 -15.1005382654 -14.1941809994 -19.9985019510 -17.7231359832 -16.6054145409 -18.7006496952 -18.8114284518 -15.8157384580 -19.7111134609 -1.82451760960 -0.961151238172 -1.01480146754 -2.37451458515 -17.5018099250 -19.0507340304 -19.4920896464 -18.6625620712 -13.4622274856 -3.70646402757 -3.53586213338 -2.70809132926 -2.58768151148 -2.92300094144 -2.56740339719 -3.10257721837 -3.29212948294 -3.35522022534 -2.59552396182 -2.38795172829 -2.27777393575 -2.21493458835 -2.01516713389 -1.75929268059
# log_Fh:
 -5.25998417395 -2.02313049386 0.346678907605 1.47308600670 1.99997279969 1.74692300088 -19.3686107888 1.21124876698 0.981177660539 1.99992555973 0.756925903258 -0.623410293012 0.122043044180 -1.14936610146 -1.60575788601 -1.85492015100 -1.59209882208 -4.51810984416 -1.33150803111 -1.00437981253 -1.62444851775 -2.99067419092 -6.61992143895 -4.50209641435 -5.10395868283 -5.37873095342 -5.10390416672 -4.14662944717 -4.08468841981 -3.64668553487 -3.73465981836 -2.83655598684 -3.93593872312 -3.90327157937 -4.04541096389 -3.55092702847 -3.09211100031 -3.44069031478 -3.12277533071 -2.87379893971 -2.63007499129 -2.78242782318
# log_qflo:
 -10.1879764050
# log_qcru:
 -1.60497200776 -0.854666830987
# log_Lom:
2.94443897917
# log_cv_edadm:
-2.30258509299
# log_Loh:
2.94443897917
# log_cv_edadh:
-2.30258509299
# log_Mh:
-1.20397280433
# log_Mm:
-1.20397280433
# log_Fref:
 -0.348291378339 -0.862505706174 -1.08079136046 -1.21611477892
