# Number of parameters = 168 Objective function value = inf  Maximum gradient component = 17005.9103769270
# log_L50flom:
 3.68887945411394
# log_sdL50flomL:
 1.09861228866811
# log_sdL50flomR:
 4.09434456222210
# log_L50floh:
 3.68887945411394
# log_sdL50flohL:
 1.09861228866811
# log_sdL50flohR:
 4.09434456222210
# log_L50cruh:
 3.68887945411394
# log_sdL50cruhL:
 1.60943791243410
# log_sdL50cruhR:
 4.09434456222210
# log_L50crum:
 3.68887945411394
# log_sdL50crumL:
 1.60943791243410
# log_sdL50crumR:
 4.09434456222210
# log_Ro:
0.00000000000
# log_propmR:
-0.693140000000
# log_dev_Ro:
 0.00000000000 0.00000000000 0.00000000000 0.00000000000 0.00000000000 0.00000000000 0.00000000000 0.00000000000 0.00000000000 0.00000000000 0.00000000000 0.00000000000 0.00000000000 0.00000000000 0.00000000000 0.00000000000 0.00000000000 0.00000000000 0.00000000000 0.00000000000 0.00000000000 0.00000000000 0.00000000000 0.00000000000 0.00000000000 0.00000000000 0.00000000000 0.00000000000 0.00000000000 0.00000000000 0.00000000000 0.00000000000 0.00000000000 0.00000000000 0.00000000000 0.00000000000 0.00000000000 0.00000000000 0.00000000000 0.00000000000 0.00000000000 0.00000000000
# log_dev_Nom:
 0.00000000000 0.00000000000 0.00000000000 0.00000000000 0.00000000000 0.00000000000 0.00000000000 0.00000000000 0.00000000000 0.00000000000 0.00000000000
# log_dev_Noh:
 0.00000000000 0.00000000000 0.00000000000 0.00000000000 0.00000000000 0.00000000000 0.00000000000 0.00000000000 0.00000000000 0.00000000000 0.00000000000
# log_Fm:
 -10.1000000000 -10.1000000000 -10.1000000000 -10.1000000000 -10.1000000000 -10.1000000000 -10.1000000000 -10.1000000000 -10.1000000000 -10.1000000000 -10.1000000000 -10.1000000000 -10.1000000000 -10.1000000000 -10.1000000000 -10.1000000000 -10.1000000000 -10.1000000000 -10.1000000000 -10.1000000000 -10.1000000000 -10.1000000000 -10.1000000000 -10.1000000000 -10.1000000000 -10.1000000000 -10.1000000000 -10.1000000000 -10.1000000000 -10.1000000000 -10.1000000000 -10.1000000000 -10.1000000000 -10.1000000000 -10.1000000000 -10.1000000000 -10.1000000000 -10.1000000000 -10.1000000000 -10.1000000000 -10.1000000000 -10.1000000000
# log_Fh:
 -10.1000000000 -10.1000000000 -10.1000000000 -10.1000000000 -10.1000000000 -10.1000000000 -10.1000000000 -10.1000000000 -10.1000000000 -10.1000000000 -10.1000000000 -10.1000000000 -10.1000000000 -10.1000000000 -10.1000000000 -10.1000000000 -10.1000000000 -10.1000000000 -10.1000000000 -10.1000000000 -10.1000000000 -10.1000000000 -10.1000000000 -10.1000000000 -10.1000000000 -10.1000000000 -10.1000000000 -10.1000000000 -10.1000000000 -10.1000000000 -10.1000000000 -10.1000000000 -10.1000000000 -10.1000000000 -10.1000000000 -10.1000000000 -10.1000000000 -10.1000000000 -10.1000000000 -10.1000000000 -10.1000000000 -10.1000000000
# log_qflo:
 0.00000000000
# log_qcru:
 0.00000000000 0.00000000000
# log_Lom:
2.94443897917
# log_cv_edadm:
-2.30258509299
# log_Loh:
2.94443897917
# log_cv_edadh:
-2.30258509299
# log_Mh:
-1.20397280433
# log_Mm:
-1.20397280433
# log_Fref:
 0.00000000000 0.00000000000 0.00000000000 0.00000000000
