# Number of parameters = 140 Objective function value = 28931.5297251235  Maximum gradient component = 0.000116819879361148
# log_L50flom:
 1.68103409813657
# log_sdL50flomL:
 0.758747776732296
# log_L50floh:
 1.44433220794922
# log_sdL50flohL:
 0.505463040051145
# log_L50cruh:
 1.15190503409192
# log_sdL50cruhL:
 0.0332482997281357
# log_L50crum:
 1.60492724648205
# log_sdL50crumL:
 1.03529344814859
# log_Ro:
5.62178836610
# log_propmR:
-0.693140000000
# log_dev_Ro:
 -0.486721037268 1.10157451995 0.196388959356 1.41035301442 -0.0752855965753 -0.313410622572 0.0857322469282 -0.329711992687 -0.437261872755 -0.845072268797 -0.0205841376152 0.539371943540 0.734805557109 0.619652378481 0.831250569312 0.500012482018 0.474131057337 0.708081828446 0.551532247422 -0.184606233476 0.741697203684 0.0217625736150 -0.112841888694 0.257632298047 -0.156326020774 -0.773575797340 -0.888820874797 -0.594530286760 -0.444001801815 -0.751550519328 -0.758392009330 -0.578874797517 -1.00005600109 -0.0223551204796
# log_dev_Nom:
 0.756178041263 0.545236675608 1.09504805496 0.547212172788 0.288297859056 0.0749148960817 0.0111644964264 0.000609905663080 -0.000534026850012 -0.000297522337572 -9.32052589384e-05
# log_dev_Noh:
 -0.718664396032 -0.510315353705 -0.437572924067 -0.488984412500 -0.494248225035 -0.420030129578 -0.328128781404 -0.245511597873 -0.177765597862 -0.124572855762 -0.132021587857
# log_Fm:
 -0.200000099436 -0.200000005735 -2.92667140516 -0.334011622222 -0.255177987642 -0.718750485861 -1.84871400165 -1.11204267730 -1.12898755353 -0.787724707749 -0.479799649626 -0.317792873138 -0.200000001368 -0.200000000648 -0.200000002830 -1.39990238379 -0.820291385137 -1.51070235495 -1.10255648692 -1.19045617046 -1.32809655740 -1.34800776405 -1.47099851835 -1.50264024241 -1.75564779011 -1.40647214114 -1.75194570487 -1.86251575505 -1.44493174453 -1.40956856866 -1.38702771761 -1.26708211893 -1.25547598889 -1.21735029546
# log_Fh:
 -1.75775375069 -1.75839437776 -0.200000015124 -1.75904605028 -1.75853013391 -1.75724002825 -2.34147958818 -1.33744757419 -1.65045659664 -1.37421469474 -0.950465807981 -0.200000005992 -0.982896537816 -1.56791179821 -0.806163060156 -2.34441224182 -1.62242974584 -2.00522244099 -1.75705634765 -2.00632230693 -1.97878526985 -1.99232335959 -1.90260807924 -1.91049220962 -1.77744863039 -2.24679838425 -2.52996883221 -2.60267524051 -1.89202525464 -2.17511507024 -2.05573427455 -2.30443922142 -2.45011392709 -2.07588691337
# log_qflo:
 -9.22620138789
# log_qcru:
 -0.0296438351094 -0.121173702818
# log_Lom:
2.89037175790
# log_cv_edadm:
-2.30258509299
# log_Loh:
2.77258872224
# log_cv_edadh:
-2.30258509299
# log_Mh:
-1.20397280433
# log_Mm:
-1.20397280433
# log_Fref:
 -0.135246875229 -0.688034353475 -0.926260117902 -1.06287300792
