# Number of parameters = 148 Objective function value = 15528.8231434527  Maximum gradient component = 2.83031830866975e-05
# log_L50flom:
 1.91956150848604
# log_sdL50flomL:
 0.938961661909239
# log_L50floh:
 1.47004937542639
# log_sdL50flohL:
 0.299997903521970
# log_L50crum:
 2.11568656982317
# log_sdL50crumL:
 1.23462073710975
# log_L50cruh:
 1.55174720803584
# log_sdL50cruhL:
 0.787596162057311
# log_Ro:
4.99539290497
# log_propmR:
-0.693140000000
# log_dev_Ro:
 -0.292102411823 -0.199456485128 -0.235744147498 -0.343672082451 -0.0398247814998 1.60625621665 -0.111717559752 -0.278756065080 -1.06045884153 -1.45149063995 -1.28779022398 -0.591369493231 -0.258608879669 0.666155788214 0.675287824129 0.787038770853 0.171088966009 0.922231149848 0.685502937071 0.398382591686 0.365380765771 0.504953060812 0.441328034960 -0.303080693974 0.294165367827 -0.157081949539 0.228126995344 0.202962813102 0.430564442517 0.111713773998 -0.151071130174 -0.536799013811 -0.698412047552 -0.460738303359 -0.0749146727088 0.0419499239122
# log_dev_Nom:
 1.03500564648 0.422254366226 -0.180105824714 -0.544823024349 -0.702395376422 -0.711814971218 -0.622840177882 -0.479500196589 -0.330104839392 -0.208591983324 -0.137403688063
# log_dev_Noh:
 -0.245918738329 0.434558284989 1.42864904901 0.597288431591 1.16696168906 0.327219653966 0.143643542278 0.0667529204298 0.0313047582548 0.0146308221142 0.00542717716898
# log_Fm:
 -1.10467452696 -1.31682790727 -1.31439912368 -1.28187779352 -2.60908640560 -2.76673809103 -0.564796489397 -3.22280927573 -2.62531024902 -2.41065723412 -2.28263655486 -5.45998169011 -0.617709762113 0.228069411880 0.999999997747 0.995241116532 -4.67702490504 -2.93834782734 -3.83759781854 -4.48873741556 -4.60874282844 -1.41483446691 -1.30912336932 -0.382540852529 -0.259946078593 -0.940062206812 -0.110649357191 -0.549096975684 -1.00739102450 -1.26376786153 -0.667427609410 -0.505080820038 -0.412415382831 -0.388755870780 -0.283950080867 -0.0857936004457
# log_Fh:
 -0.667270450622 -0.514808823538 -0.345781543541 0.106198801350 0.999999972540 0.999999949925 0.999999988219 0.999999787662 0.270104218022 -0.762102557768 -0.939098955421 -3.93136331860 -0.622784080579 -0.0531423503558 0.0835400439516 -0.275215061057 -4.43768051431 -2.40289584440 -3.23595182233 -3.79708749471 -3.70093894467 -2.55408123283 -2.60518575356 -2.14631299289 -2.30664270542 0.622067759929 -1.47553151940 -1.66945191271 -2.19551074344 -1.95866029741 -1.70009673497 -2.26471948376 -2.11432827315 -1.99891181677 -1.82128535645 -1.71828741200
# log_qflo:
 -8.47265083310
# log_qcru:
 1.50530669175 1.25114929839
# log_Lom:
2.94443897917
# log_cv_edadm:
-2.39569739848
# log_Loh:
2.94443897917
# log_cv_edadh:
-2.72160382145
# log_Mh:
-1.20397280433
# log_Mm:
-1.20397280433
# log_Fref:
 -0.0634786378864 -0.623081950576 -0.864858263829 -1.00348945966
