# Number of parameters = 148 Objective function value = 15540.4729061268  Maximum gradient component = 9.15903522501700e-06
# log_L50flom:
 1.90000006430441
# log_sdL50flomL:
 0.931502540759272
# log_L50floh:
 1.46044761956070
# log_sdL50flohL:
 0.294833722623922
# log_L50crum:
 1.89999997365477
# log_sdL50crumL:
 1.03173247150202
# log_L50cruh:
 1.52485981519236
# log_sdL50cruhL:
 0.765396034666780
# log_Ro:
5.03608668235
# log_propmR:
-0.693140000000
# log_dev_Ro:
 -0.395615824467 -0.229875156364 -0.252481821307 -0.380786669403 -0.0202485376683 1.59477768463 -0.172506067239 -0.308569739093 -1.00288341110 -1.44648208764 -1.30321170003 -0.621376444900 -0.230798211131 0.755290877550 0.754978000953 0.827360547008 0.194923039832 0.931285806167 0.621954119104 0.432080343155 0.230435899645 0.270807415819 0.568429022806 -0.274365997657 0.317589207592 -0.191251259335 0.251982802567 0.200359345531 0.453796989199 0.153865864505 -0.147228365372 -0.495743656675 -0.631810029941 -0.400495461508 -0.0813587698173 0.0271722445905
# log_dev_Nom:
 1.15721236989 0.336371550237 -0.226268675164 -0.574303125808 -0.729056281337 -0.745776445526 -0.669215940930 -0.537340967403 -0.391536995667 -0.264833539819 -0.209671664851
# log_dev_Noh:
 -0.346463051918 0.316121203719 1.40720874464 0.640187289278 1.19326371654 0.333239625891 0.152964489162 0.0744030118265 0.0364292444420 0.0177590394438 0.00750717897699
# log_Fm:
 -1.30988719879 -1.53110343164 -1.52765481676 -1.50180041194 -2.99854532058 -2.90689864243 -0.718232028779 -3.47151936621 -2.76625190713 -2.51201917689 -2.27299986152 -5.61732370923 -0.691897624624 0.180041747742 0.999999996696 0.841187495203 -4.91125885342 -3.36156555133 -4.23273819402 -4.88095925902 -5.05339967245 -1.61808163479 -1.51113395424 -0.611975509272 -0.472947514942 -0.984511958361 -0.275275481559 -0.709314435935 -1.13627040749 -1.39683120219 -0.822606755500 -0.677036489449 -0.594305790016 -0.576419254767 -0.477483267870 -0.305074512647
# log_Fh:
 -0.763750104821 -0.617462746844 -0.428107316087 0.0482867491557 0.999999947968 0.999999956878 0.999999988323 0.982183194489 0.184466345741 -0.861748473669 -1.05055064851 -3.97759327972 -0.669449072175 -0.114740304594 0.0306985812132 -0.402662803079 -4.53716742586 -2.48586375746 -3.32869376032 -3.88100827931 -3.76164935419 -2.68026950425 -2.72009383344 -2.26308288693 -2.38378470646 0.463719274222 -1.65724726384 -1.87961798364 -2.35655847198 -2.08665708490 -1.82411761007 -2.37834891466 -2.21781468191 -2.09750393656 -1.91935020698 -1.82722010469
# log_qflo:
 -8.59851792157
# log_qcru:
 1.17273730410 0.896114329427
# log_Lom:
2.94443897917
# log_cv_edadm:
-2.36299740973
# log_Loh:
2.94443897917
# log_cv_edadh:
-2.72860129463
# log_Mh:
-1.20397280433
# log_Mm:
-1.20397280433
# log_Fref:
 0.114640255890 -0.534697110825 -0.799012689705 -0.947606625790
