# Number of parameters = 142 Objective function value = 2692.27785472572  Maximum gradient component = 6.23140448058812e-06
# log_L50flom:
 1.81273772397718
# log_sdL50flomL:
 0.910430170220143
# log_L50floh:
 1.41547424090288
# log_sdL50flohL:
 0.777749082406671
# log_L50cruh:
 0.896471672665814
# log_sdL50cruhL:
 -0.119318218817076
# log_L50crum:
 1.53174402104592
# log_sdL50crumL:
 0.931063188220141
# log_Ro:
5.69214583062
# log_propmR:
-0.693140000000
# log_dev_Ro:
 -0.0877415985735 0.186177264455 0.490231036474 0.916365432951 0.695283528684 0.205226657710 0.0397400260123 -0.00709358543916 -0.242528111315 -0.494947712716 -0.175897808336 0.270352323888 0.738650706566 0.737516975874 1.06831226974 0.716043433731 0.0685061993432 0.555347548377 0.240363484887 0.0298840800081 -0.157441207687 -0.0174402561928 -0.506944485408 -0.195015365627 -0.128327013982 -0.539513123511 -0.457466653040 -0.801583716081 -0.768645574728 -0.714185894191 -0.820681737360 -0.563488820365 -0.246524328215 -0.0325339759351
# log_dev_Nom:
 0.0352630203652 0.324971486990 1.63121080159 0.278420315985 0.163987775702 0.180433457480 0.146409465499 0.0827164026870 0.0390983565877 0.0179548745402 0.00533711999819
# log_dev_Noh:
 -0.180591635545 -0.366642981035 -0.539298288424 -0.620190359464 -0.599112090931 -0.508719419861 -0.399202668012 -0.297447994039 -0.212813447032 -0.145798645807 -0.142140654855
# log_Fm:
 -0.524363938528 -0.305764952543 -2.00537261570 -0.525255443568 -0.564664364202 -1.45487805750 -1.84061720568 -0.850723170594 -0.659118733974 -0.199589992764 0.00879987980379 -0.0456230686701 0.458061711842 0.999999994454 0.441742436633 -0.922927214029 -0.409382078854 -1.13747742797 -0.891070279726 -1.07211471500 -1.31385275051 -1.36940185468 -1.46919792375 -1.43715446734 -1.63279949426 -1.20638339712 -1.44633056757 -1.47714337717 -1.01306648011 -0.927999397481 -0.897846351281 -0.828204053150 -0.817526375168 -0.776144305744
# log_Fh:
 -1.62864641911 -1.83797245133 -0.657738617840 -1.91423855469 -1.91219122936 -0.877361274080 -2.44352419929 -1.54259149464 -1.75124015495 -1.52633104012 -1.34005832817 -1.29618298214 -1.49861397138 -1.64967301793 -1.52734057619 -2.83922233689 -2.08933239505 -2.42711448624 -2.24842965919 -2.45603534564 -2.40809932705 -2.35430664054 -2.21961376231 -2.17147925026 -1.95852124819 -2.31651228474 -2.55577808769 -2.57429794612 -1.89005280862 -2.17978014351 -2.08015898363 -2.32348121404 -2.42167157491 -2.07574846478
# log_qflo:
 -9.24962363194
# log_qcru:
 -0.444853589618 -0.270836681166
# log_Lom:
2.89037175790
# log_cv_edadm:
-2.36359938521
# log_Loh:
2.89037175790
# log_cv_edadh:
-2.48465436222
# log_Mh:
-1.20397280433
# log_Mm:
-1.20397280433
# log_Fref:
 -0.301897516888 -0.769898660061 -0.984409870653 -1.11012678019
