# Number of parameters = 164 Objective function value = 28942.9479672599  Maximum gradient component = 7.36042727870284e-05
# log_L50flom:
 1.68769383535143
# log_sdL50flomL:
 0.782686132654549
# log_L50floh:
 1.42428505239046
# log_sdL50flohL:
 0.459800894136377
# log_L50cruh:
 1.15478811161430
# log_sdL50cruhL:
 0.0362637284195253
# log_L50crum:
 1.60729410271205
# log_sdL50crumL:
 1.04066765436409
# log_Ro:
5.52393745033
# log_propmR:
-0.693140000000
# log_dev_Ro:
 -0.662067395141 -0.476843396501 -0.408076481804 -0.349550650845 -0.178775415749 0.997733916851 0.524566125518 -0.168833964920 -0.223802476479 1.59556047893 -0.354698551968 1.47754122475 -0.0738773193547 -0.283045074390 0.164448238450 -0.392167941317 -0.297967603647 -0.856131103154 0.0604313009560 0.597164834355 0.813616405513 0.679114107469 0.904798180995 0.568789778730 0.544793890370 0.768895210649 0.652442225264 -0.250948632909 0.859523814152 0.0268966725337 -0.0597683167225 0.331595426932 -0.105390574139 -0.742334600046 -0.873151398155 -0.561668651952 -0.416967657001 -0.787165608278 -0.775398158093 -0.670375986126 -1.20643612870 -0.392468745026
# log_dev_Nom:
 -0.342885728058 -0.551809345916 -0.669770855813 -0.682861371826 -0.637190161838 -0.569469275227 -0.495041067134 -0.414762416756 -0.334168753668 -0.265798011584 -0.462377874983
# log_dev_Noh:
 -0.520552563693 -0.798457212958 -1.40694899408 -2.09839103096 -2.15736776385 -1.70523137982 -1.15989804778 -0.687074066960 -0.346579034746 -0.148782390368 -0.0282697760776
# log_Fm:
 -19.9615136467 -3.34411754975 -15.3608033693 -4.39185754270 -3.19114070986 -1.56542889999 -0.652543874680 -0.748167152279 -0.904636541380 -0.515486218042 -18.9146171674 -0.533582315261 -0.435269671871 -2.12072933335 -1.99533950068 -1.25164497669 -1.22704238280 -0.846077573417 -0.529161524672 -0.354927587995 -0.200000001464 -0.200000000646 -0.200000002678 -1.36575562787 -0.786953147024 -1.47022840329 -1.06786241895 -1.15526657411 -1.29236296510 -1.31293782720 -1.43410449632 -1.46555669327 -1.71509522418 -1.36749069210 -1.70912905444 -1.81659837035 -1.40128270730 -1.36267348052 -1.33459387710 -1.20305282573 -1.17519020806 -1.11532633513
# log_Fh:
 -0.200000009435 -0.200000666372 -8.59566759287 -17.2161941455 -19.3489433161 -16.9873176991 -15.8302760911 -0.626002890870 -0.200000833792 -0.200000328330 -0.200000546196 -0.200000071605 -0.200000013877 -0.200000004111 -2.17892252066 -1.22510234240 -1.55215420229 -1.26740754561 -0.863035994121 -0.200000008717 -0.911355538733 -1.52211490842 -0.794234745193 -2.33434804891 -1.63150387680 -2.00995381845 -1.76840505018 -2.01474760900 -1.98538853145 -2.00145847149 -1.91095220954 -1.91131270964 -1.78122866648 -2.25060264837 -2.52215332077 -2.59609838894 -1.88950059928 -2.16256617144 -2.03365828394 -2.27716314856 -2.41770539975 -2.02551284408
# log_qflo:
 -9.18517279068
# log_qcru:
 0.0251097593612 -0.0691072155836
# log_Lom:
2.89037175790
# log_cv_edadm:
-2.30258509299
# log_Loh:
2.77258872224
# log_cv_edadh:
-2.30258509299
# log_Mh:
-1.20397280433
# log_Mm:
-1.20397280433
# log_Fref:
 -0.179035093305 -0.724013074032 -0.959279877937 -1.09434807869
