# Number of parameters = 148 Objective function value = 15952.5034567397  Maximum gradient component = 8.10698406316738e-05
# log_L50flom:
 1.92060240710361
# log_sdL50flomL:
 0.879383456795495
# log_L50floh:
 1.39885423748025
# log_sdL50flohL:
 0.177866366940199
# log_L50crum:
 1.89999998871997
# log_sdL50crumL:
 1.03496215632934
# log_L50cruh:
 1.43239474854080
# log_sdL50cruhL:
 0.727872497875010
# log_Ro:
5.17307525568
# log_propmR:
-0.693140000000
# log_dev_Ro:
 -0.0623985154824 -0.0772282686490 -0.114171215553 0.0320788692714 -0.0305795516619 1.26336688878 -0.0807263895393 -0.424132277405 -1.33588203916 -1.74946083877 -1.46109670061 -0.717343413416 -0.250952934029 0.620348627897 0.660255647928 0.728626223707 0.0804385029159 0.792636534704 0.462942835145 0.168845960361 0.219422507452 -0.133858706602 0.581117487646 -0.482058094988 0.190297939266 -0.292030172176 0.120244100001 0.0139828560889 0.216433428175 -0.0314054944360 -0.277423547644 -0.466737269819 0.796337529415 1.54165471822 -0.357997556705 -0.143547670335
# log_dev_Nom:
 -0.280623763558 -0.296456462190 -0.181729138314 0.198123824633 1.46927299438 0.747493895862 0.649923110860 0.344037024389 0.147706549685 0.0596571124876 0.0145501177112
# log_dev_Noh:
 -0.500836009060 -0.913157582633 -1.05600315843 -1.08552643038 -1.01127238064 -0.879231222750 -0.740729413217 -0.605154935976 -0.475024306564 -0.359476150072 -0.413259591812
# log_Fm:
 -0.405819773417 -0.316585978837 -0.125528903814 0.306042812818 0.656029438300 0.205590467516 0.999999678918 -0.480519118606 -1.41371265382 -1.98730809367 -2.50517105388 -4.10869117487 -0.517031852717 0.332896981278 0.999999998693 0.999999992528 -3.33001238816 -1.54585601065 -2.50927282931 -3.21075518751 -3.39490795943 -1.53924729320 -1.45051224084 -0.535525251804 -0.370236336335 -0.558001493749 -0.0973258592817 -0.532578172464 -0.969298501540 -1.27176222885 -0.716358315892 -0.569175081698 -0.472727714411 -0.427597383030 -0.261865968746 -0.0480012576385
# log_Fh:
 -2.01420765671 -2.33057864569 -2.33623832710 -2.34777757516 -3.03339071132 -3.02159841138 -1.14191675122 -1.89738732479 -1.56259455287 -1.60919941294 -1.26066776758 -5.34932911731 -0.835719334831 -0.359865925349 -0.531728365388 -0.954592194453 -6.29044708983 -3.78528967308 -4.46762351905 -5.08459220346 -4.89007552928 -2.86545182938 -2.87709515909 -2.37340162704 -2.47258347604 -0.0136007977007 -2.10052447575 -2.23026805892 -2.63107528763 -2.32201067814 -2.04957601740 -2.56494448916 -2.37431225346 -2.20673864608 -1.95950424226 -1.89300000664
# log_qflo:
 -8.65551685525
# log_qcru:
 0.837083833147 0.785354379435
# log_Lom:
2.94443897917
# log_cv_edadm:
-2.31337474665
# log_Loh:
2.94443897917
# log_cv_edadh:
-2.79320870994
# log_Mh:
-1.20397280433
# log_Mm:
-1.20397280433
# log_Fref:
 -0.268958667813 -0.781050193207 -1.00678222624 -1.13735422315
