# Number of parameters = 148 Objective function value = 1384.17621036874  Maximum gradient component = 9.57453427023692e-06
# log_L50flom:
 1.96106625531860
# log_sdL50flomL:
 0.599993405760901
# log_L50floh:
 1.31993846045870
# log_sdL50flohL:
 0.200000314127760
# log_L50crum:
 1.80000006396142
# log_sdL50crumL:
 0.599999684441279
# log_L50cruh:
 1.45532340559220
# log_sdL50cruhL:
 0.653397810918711
# log_Ro:
5.11092241088
# log_propmR:
-0.693140000000
# log_dev_Ro:
 0.0460223641006 0.165634524698 -0.0154108615349 -0.0265133271531 -0.230782095208 0.114517643718 1.49632153475 -0.532289804854 -1.22535920661 -1.42786722237 -1.23458899929 -0.842971943807 -0.274654063791 0.669951100507 1.34382257229 0.799996972765 0.396489657518 0.583225013672 0.111017100395 -0.374239849983 -0.820595953432 -0.935234384765 -0.582440578178 -0.113464090406 0.462572958138 0.641785688671 -0.0148219210564 0.171605945949 0.638207401627 0.462831705770 0.00735612916224 0.0745605985611 0.461378668555 0.227456245081 -0.106501864269 -0.117017659213
# log_dev_Nom:
 0.0157859416768 -0.0703274213857 -0.136769929330 0.205512072839 1.58423870016 0.552974018276 1.11977992650 0.403600852141 0.127278745449 0.0383698755985 0.00465654306255
# log_dev_Noh:
 -0.567023281847 -0.889113504822 -0.999813824290 -1.00651673203 -0.938431994150 -0.836767454996 -0.729600315928 -0.620373224126 -0.508781657258 -0.405006975098 -0.556306615928
# log_Fm:
 -0.0611770948376 0.00786666159744 0.118055305280 0.545552801842 0.999999714754 0.537474566591 0.999999978138 0.212005366354 -0.251103984109 -0.569591542963 -1.25977760696 -3.44479606972 0.134921888134 0.624941181418 0.999999995945 0.999999978554 -3.10526490760 -1.01669275339 -1.89184273736 -2.73641604153 -3.09971284287 -1.66678251452 -1.69391257138 -0.862593820934 -0.589857987968 -0.702962302257 0.280703279546 0.769992020325 0.999999990499 0.648556459949 0.939488089381 0.702343284766 0.555731738322 0.536578111205 0.476746791451 0.277277928411
# log_Fh:
 -2.74299211603 -2.91583818164 -2.91974695633 -2.92691637797 -3.65427931388 -3.64693275459 -1.23703085277 -3.46484684791 -2.68497638231 -2.32733608851 -1.68183533963 -5.93009238188 -1.21333319510 -0.832907810554 -1.22527534185 -1.90301452752 -7.05930465076 -4.96870104762 -5.56569763494 -5.95675119064 -5.67463406006 -3.24823858333 -3.15538936755 -2.64204601948 -2.56927476385 -1.41361497275 -2.28593721669 -2.28024251428 -2.70313455018 -2.43215809067 -2.03705811319 -2.52247108336 -2.45135421267 -2.38421073475 -2.23143033307 -2.31127821394
# log_qflo:
 -8.74073178453
# log_qcru:
 0.495613683818 0.708067195410
# log_Lom:
2.94443897917
# log_cv_edadm:
-2.07002003592
# log_Loh:
2.94443897917
# log_cv_edadh:
-2.43551800801
# log_Mh:
-1.20397280433
# log_Mm:
-1.20397280433
# log_Fref:
 -0.444596386631 -0.918353803599 -1.13115840558 -5.93803174115
