# Number of parameters = 148 Objective function value = 22140.9549591096  Maximum gradient component = 1.64521746555936e-05
# log_L50flom:
 1.94486299451602
# log_sdL50flomL:
 0.925055362312700
# log_L50floh:
 1.33468767358683
# log_sdL50flohL:
 0.0805640217560317
# log_L50crum:
 2.00469479310228
# log_sdL50crumL:
 1.15991743519409
# log_L50cruh:
 1.34080359846304
# log_sdL50cruhL:
 0.638845334833071
# log_Ro:
5.12858168883
# log_propmR:
-0.693140000000
# log_dev_Ro:
 -0.132490263162 0.0982075840572 -0.0379496352355 0.483065235196 0.245317770192 1.03146563332 0.365605926578 -0.487710804103 -1.33072317160 -1.72937086370 -1.40538550609 -0.788602966564 -0.339859669073 0.523212212494 0.740582060921 0.661991409989 0.0606393913659 0.730520269644 0.639849958321 0.145017460594 0.487895091151 -0.125278777288 0.919559309780 -0.326703057861 0.248697013320 -0.257091792520 0.00816891679773 0.0151576091368 -0.0128955360143 -0.288181801230 -0.426098780261 -0.632898198698 0.644688971719 1.10103698917 -0.705387170424 -0.124050819922
# log_dev_Nom:
 -0.177328831628 -0.135667778403 -0.00771242992916 0.377694971537 0.899489062722 1.67703776099 0.384970474364 0.245536564681 0.119135014553 0.0508910487368 0.0133464451443
# log_dev_Noh:
 -0.586382598741 -0.887160017950 -1.01054994526 -1.02893608721 -0.952491267678 -0.834484899410 -0.713302727131 -0.593107833212 -0.475252499817 -0.368546221544 -0.463007708289
# log_Fm:
 -0.433418475114 -0.400340949571 -0.177495735522 0.258934761532 0.475021491137 -0.0265758728156 0.562689342575 -0.774102010396 -1.56090952063 -2.02224811474 -2.43542154166 -4.14336440622 -0.511862144289 0.377964114982 0.999999998751 0.999999963091 -3.24490507638 -1.31004040131 -2.39531549910 -2.95894312074 -3.06361633203 -1.34651675090 -1.30270756784 -0.425872026775 -0.278239797560 -0.564374135789 -0.220074310537 -0.705981760721 -1.08570361742 -1.37336447395 -0.745508905894 -0.547053313414 -0.367067816040 -0.211857360578 0.160063651675 0.763869518928
# log_Fh:
 -2.29798095301 -2.55177878587 -2.55154127768 -2.55764093237 -3.04659141473 -3.04785069198 -0.974343169219 -2.05612552885 -1.83441171476 -1.83935420299 -1.41551495162 -5.56116899659 -0.957590054917 -0.461769129906 -0.696249463247 -1.14909389288 -6.45468473199 -4.11105506561 -4.43563239171 -5.27989755735 -5.29028943767 -2.87215260746 -2.93135323918 -2.47252995318 -2.61201779609 -1.44021673823 -2.87227773399 -2.84560663835 -3.05420844586 -2.61751851664 -2.21679398002 -2.66248873638 -2.40598650481 -2.15971829542 -1.81108283200 -1.58327651546
# log_qflo:
 -8.77415997691
# log_qcru:
 0.795577971338 0.768212990865
# log_Lom:
2.94443897917
# log_cv_edadm:
-2.35879384340
# log_Loh:
2.94443897917
# log_cv_edadh:
-2.81175943935
# log_Mh:
-1.20397280433
# log_Mm:
-1.20397280433
# log_Fref:
 -0.244534652954 -0.798860723607 -1.03371798455 -1.16797452867
