# Number of parameters = 142 Objective function value = 2661.71631622257  Maximum gradient component = 3.39486710158704e-05
# log_L50flom:
 1.78729548243794
# log_sdL50flomL:
 0.877308196741936
# log_L50floh:
 1.36032113165378
# log_sdL50flohL:
 0.707555803255477
# log_L50cruh:
 0.891107009332846
# log_sdL50cruhL:
 -0.126232570626083
# log_L50crum:
 1.47906795103507
# log_sdL50crumL:
 0.865053804754532
# log_Ro:
5.75701407298
# log_propmR:
-0.693140000000
# log_dev_Ro:
 0.162645280682 0.189220561335 0.415344697245 0.862448327698 0.652152453903 0.162978022216 -0.0260278694615 -0.0802202171018 -0.223372376447 -0.491273206519 -0.178475191671 0.253965869265 0.703658475400 0.819501828439 1.05869677391 0.708305527044 0.0947271160243 0.543601000666 0.230441904256 0.0198757534624 -0.158369419081 -0.0448746883888 -0.515782307494 -0.240567467766 -0.154788921963 -0.524130440219 -0.466567244319 -0.785492847186 -0.767771249047 -0.730586550573 -0.824787919493 -0.536030754254 -0.164828012570 0.0363830920076
# log_dev_Nom:
 -0.0556768488297 0.300850914523 0.787247691057 0.184471574687 -0.0696162496682 -0.117648673206 -0.0816669246237 -0.0348078661201 -0.0112260090677 -0.00171911260068 -0.000227034059456
# log_dev_Noh:
 0.861314220373 0.347938964875 0.0485204093305 -0.0909365644141 -0.166332681268 -0.175182810847 -0.152242671873 -0.120280658124 -0.0898141770491 -0.0624593235361 -0.0634813321827
# log_Fm:
 -0.679587772302 -0.538080873036 -1.10372232308 -0.569881007393 -0.574163408384 -0.800382241766 -1.65150849314 -0.771028825825 -0.636627326655 -0.208540747003 -0.00645744487938 -0.0598492600795 0.451249959974 0.999999993087 0.368779987348 -1.02980941070 -0.537140257472 -1.27721165343 -1.04498064503 -1.24060104034 -1.48280510081 -1.53055243448 -1.62721941381 -1.59725995035 -1.78974143453 -1.36350783187 -1.60295279274 -1.63037977342 -1.16123452010 -1.07529033501 -1.04873636401 -0.987402534418 -0.988852094847 -0.959546795199
# log_Fh:
 -1.64743623843 -1.54083867233 -2.05965778569 -1.60627027897 -1.67965945460 -1.93788438346 -2.82764370182 -1.82308750440 -1.96591995004 -1.70491591764 -1.49904372174 -1.44516861468 -1.63147514761 -1.75905043167 -1.67251350986 -2.99424951831 -2.24816887580 -2.58669268647 -2.40590478061 -2.60321561321 -2.54381971819 -2.48775947056 -2.34899106432 -2.29949844011 -2.08341888069 -2.44632052599 -2.67896386559 -2.69537244134 -2.00597563417 -2.29265241586 -2.19460684881 -2.44237982834 -2.54560362165 -2.20644506281
# log_qflo:
 -9.40915884169
# log_qcru:
 -0.549199938833 -0.389107912763
# log_Lom:
2.89037175790
# log_cv_edadm:
-2.35991491149
# log_Loh:
2.89037175790
# log_cv_edadh:
-2.49089977164
# log_Mh:
-1.20397280433
# log_Mm:
-1.20397280433
# log_Fref:
 -0.619246092650 -1.03469986220 -1.22920038099 -1.34435107697
