# Number of parameters = 142 Objective function value = 2661.71631622257  Maximum gradient component = 8.17483542029928e-06
# log_L50flom:
 1.78729547684786
# log_sdL50flomL:
 0.877308178622239
# log_L50floh:
 1.36032113877928
# log_sdL50flohL:
 0.707555801224562
# log_L50cruh:
 0.891107002623577
# log_sdL50cruhL:
 -0.126232604378612
# log_L50crum:
 1.47906797618161
# log_sdL50crumL:
 0.865053830741128
# log_Ro:
5.75701406067
# log_propmR:
-0.693140000000
# log_dev_Ro:
 0.162645374012 0.189220533323 0.415344580401 0.862448278247 0.652152494058 0.162978081077 -0.0260277888838 -0.0802201757301 -0.223372391237 -0.491273247655 -0.178475214185 0.253965830051 0.703658587799 0.819501727189 1.05869675981 0.708305598597 0.0947270973119 0.543600953353 0.230441880751 0.0198757933516 -0.158369427692 -0.0448746881028 -0.515782307581 -0.240567443065 -0.154788920840 -0.524130470767 -0.466567264320 -0.785492854175 -0.767771234126 -0.730586538242 -0.824787943947 -0.536030768184 -0.164827990286 0.0363830996882
# log_dev_Nom:
 -0.0556768943506 0.300850960526 0.787247651236 0.184471583223 -0.0696162311744 -0.117648645671 -0.0816669377344 -0.0348078647078 -0.0112259878285 -0.00171911307212 -0.000227048703911
# log_dev_Noh:
 0.861314340689 0.347938819065 0.0485203750231 -0.0909366079352 -0.166332630549 -0.175182753796 -0.152242602021 -0.120280638496 -0.0898141675159 -0.0624593149896 -0.0634813261308
# log_Fm:
 -0.679587740862 -0.538080855899 -1.10372229693 -0.569880981056 -0.574163375842 -0.800382226542 -1.65150849042 -0.771028802103 -0.636627285625 -0.208540682106 -0.00645739047638 -0.0598492224889 0.451249972960 0.999999993085 0.368780036542 -1.02980935980 -0.537140211806 -1.27721163351 -1.04498063236 -1.24060101946 -1.48280507735 -1.53055242019 -1.62721939609 -1.59725992992 -1.78974141281 -1.36350780700 -1.60295276936 -1.63037974600 -1.16123449806 -1.07529031605 -1.04873634900 -0.987402514329 -0.988852065917 -0.959546763560
# log_Fh:
 -1.64743621615 -1.54083863785 -2.05965774336 -1.60627026517 -1.67965945458 -1.93788438021 -2.82764367003 -1.82308745930 -1.96591993505 -1.70491590407 -1.49904370846 -1.44516860953 -1.63147513042 -1.75905041296 -1.67251346686 -2.99424948265 -2.24816884612 -2.58669265492 -2.40590475281 -2.60321559353 -2.54381969934 -2.48775944176 -2.34899103184 -2.29949840842 -2.08341884918 -2.44632049972 -2.67896384550 -2.69537241613 -2.00597560522 -2.29265237962 -2.19460681374 -2.44237980236 -2.54560360229 -2.20644504227
# log_qflo:
 -9.40915882020
# log_qcru:
 -0.549199907393 -0.389107878261
# log_Lom:
2.89037175790
# log_cv_edadm:
-2.35991490822
# log_Loh:
2.89037175790
# log_cv_edadh:
-2.49089976447
# log_Mh:
-1.20397280433
# log_Mm:
-1.20397280433
# log_Fref:
 -0.358686328939 -0.820918155336 -1.03275850306 -1.15695900623
