# Number of parameters = 142 Objective function value = 2649.23082761068  Maximum gradient component = 9.34180004893998e-06
# log_L50flom:
 1.80464153927355
# log_sdL50flomL:
 0.892594797781057
# log_L50floh:
 1.38847059971644
# log_sdL50flohL:
 0.744347599152005
# log_L50cruh:
 0.897196708384016
# log_sdL50cruhL:
 -0.112829890724324
# log_L50crum:
 1.50271153163712
# log_sdL50crumL:
 0.892531486747035
# log_Ro:
5.69957792866
# log_propmR:
-0.693140000000
# log_dev_Ro:
 -0.0846334006201 0.223082461179 0.525498848920 0.894088582409 0.678545375537 0.188361896034 0.0251193728733 -0.0170948316639 -0.231508749405 -0.503247979828 -0.180720505368 0.255863201763 0.715503814557 0.797091898971 1.06141546491 0.711862930077 0.0738857027813 0.558133935490 0.234635599017 0.0315170940740 -0.152015372205 -0.0347195708711 -0.519161478975 -0.211693959846 -0.122851411201 -0.518407523592 -0.438224186608 -0.785644748921 -0.768069523883 -0.732169549902 -0.840851624461 -0.569614669367 -0.229046470122 -0.0349306217491
# log_dev_Nom:
 0.0183691006047 0.315225474675 1.60603864913 0.286328034580 0.172515536361 0.183797774313 0.143668737086 0.0800113625685 0.0378337258421 0.0175225115193 0.00538289741210
# log_dev_Noh:
 -0.180471348724 -0.376872024300 -0.549662822084 -0.626536926710 -0.600185566048 -0.507562812660 -0.399117199815 -0.299136310302 -0.215731697858 -0.149170824589 -0.149887060783
# log_Fm:
 -0.547453307160 -0.329677233630 -2.01223743957 -0.544476862594 -0.576234635274 -1.40932587471 -1.84288233119 -0.866194433109 -0.686726544972 -0.229827059379 -0.0146223891167 -0.0600178015210 0.449409527927 0.999999994321 0.446464957686 -0.924384835138 -0.417519914271 -1.15207159430 -0.916661974446 -1.10871487011 -1.35362281042 -1.40619076095 -1.50315403605 -1.47108576190 -1.66487440365 -1.23802408299 -1.47570512626 -1.50275770485 -1.03269156506 -0.945767830493 -0.917697270346 -0.854089589409 -0.850541561246 -0.813769943774
# log_Fh:
 -1.67897762581 -1.88716475949 -0.714487221831 -1.96106278316 -1.95833175595 -0.990506397409 -2.51929905467 -1.60789758112 -1.80490644844 -1.57104118527 -1.37881779697 -1.33187339716 -1.53260320047 -1.68159758526 -1.56445660591 -2.88468454031 -2.14013578205 -2.48167633719 -2.30382918282 -2.50668792452 -2.45348857186 -2.39888547842 -2.26250322286 -2.21292180541 -1.99872757408 -2.35582418758 -2.59148266750 -2.60966057904 -1.92561751537 -2.21526101057 -2.11696126801 -2.36195242621 -2.46120271989 -2.11632014905
# log_qflo:
 -9.28320647305
# log_qcru:
 -0.461945074004 -0.298524144230
# log_Lom:
2.89037175790
# log_cv_edadm:
-2.35766986315
# log_Loh:
2.89037175790
# log_cv_edadh:
-2.49183767345
# log_Mh:
-1.20397280433
# log_Mm:
-1.20397280433
# log_Fref:
 -0.305150079177 -0.775113241494 -0.990088535780 -0.927901748922
