# Number of parameters = 148 Objective function value = 1384.17621036966  Maximum gradient component = 1.65848583255711e-05
# log_L50flom:
 1.96106625523201
# log_sdL50flomL:
 0.599993404436831
# log_L50floh:
 1.31993845713512
# log_sdL50flohL:
 0.200000314115236
# log_L50crum:
 1.80000006396121
# log_sdL50crumL:
 0.599999684460542
# log_L50cruh:
 1.45532339517442
# log_sdL50cruhL:
 0.653397790898786
# log_Ro:
5.11092241214
# log_propmR:
-0.693140000000
# log_dev_Ro:
 0.0460222216266 0.165634733149 -0.0154108349186 -0.0265132619582 -0.230782158401 0.114517537919 1.49632155092 -0.532289821567 -1.22535921257 -1.42786721015 -1.23458899975 -0.842971932552 -0.274653983058 0.669951027863 1.34382254480 0.799997166233 0.396489489418 0.583225084039 0.111016998160 -0.374239823932 -0.820595913013 -0.935234366179 -0.582440627263 -0.113464111596 0.462572976398 0.641785678568 -0.0148218629874 0.171605887685 0.638207370232 0.462831783300 0.00735612354687 0.0745605827019 0.461378674098 0.227456237286 -0.106501869465 -0.117017678575
# log_dev_Nom:
 0.0157857504446 -0.0703274439212 -0.136769914870 0.205512030404 1.58423871723 0.552973995329 1.11977989997 0.403600943077 0.127278772872 0.0383698800642 0.00465653984522
# log_dev_Noh:
 -0.567023260409 -0.889113495108 -0.999813819448 -1.00651673456 -0.938431983977 -0.836767450766 -0.729600306818 -0.620373220472 -0.508781636105 -0.405006965183 -0.556306607289
# log_Fm:
 -0.0611770971077 0.00786665929299 0.118055295725 0.545552794946 0.999999713662 0.537474635044 0.999999978144 0.212005370158 -0.251104028532 -0.569591724182 -1.25977767208 -3.44479600619 0.134921873263 0.624941181887 0.999999995942 0.999999978531 -3.10526491108 -1.01669276856 -1.89184278142 -2.73641602747 -3.09971280781 -1.66678250636 -1.69391258324 -0.862593837676 -0.589857996856 -0.702962308707 0.280703269881 0.769991973543 0.999999990514 0.648556470933 0.939488083822 0.702343278633 0.555731723961 0.536578096402 0.476746801528 0.277277940028
# log_Fh:
 -2.74299211908 -2.91583817987 -2.91974694622 -2.92691637552 -3.65427925860 -3.64693237206 -1.23703070279 -3.46484676443 -2.68497647543 -2.32733599371 -1.68183535827 -5.93009279820 -1.21333320568 -0.832907810861 -1.22527534504 -1.90301454700 -7.05930467996 -4.96870101535 -5.56569753749 -5.95675126784 -5.67463414541 -3.24823859288 -3.15538936867 -2.64204602267 -2.56927476584 -1.41361498557 -2.28593722082 -2.28024252595 -2.70313455600 -2.43215810550 -2.03705813123 -2.52247108135 -2.45135421686 -2.38421074850 -2.23143035068 -2.31127821658
# log_qflo:
 -8.74073179030
# log_qcru:
 0.495613673658 0.708067184216
# log_Lom:
2.94443897917
# log_cv_edadm:
-2.07002003422
# log_Loh:
2.94443897917
# log_cv_edadh:
-2.43551800370
# log_Mh:
-1.20397280433
# log_Mm:
-1.20397280433
# log_Fref:
 -0.444596394228 -0.918353805320 -1.13115841199 -1.25520909548
