# Number of parameters = 136 Objective function value = 1180.22364805358  Maximum gradient component = 8.90709207492507e-06
# log_L50flom:
 1.90000001789083
# log_sdL50flomL:
 0.599999681169007
# log_L50floh:
 1.46790088572365
# log_sdL50flohL:
 0.200005420449827
# log_L50crum:
 1.80000005913906
# log_sdL50crumL:
 0.599999262308602
# log_L50cruh:
 1.66298103909258
# log_sdL50cruhL:
 0.781273243993491
# log_Ro:
4.92998947726
# log_propmR:
-0.693140000000
# log_dev_Ro:
 -0.207451264821 -0.00482749520152 0.113841029846 -0.176359243414 -0.131451371145 -0.108373293458 1.51892425726 0.295238153045 -0.563447800505 -0.930328677629 -1.00862655254 -0.858085512058 -0.464902150225 0.583811533876 1.48816956868 0.451548665952 0.194934693430 0.432121660968 0.543325756598 0.0722071386892 -0.590735320620 -0.911060783361 -0.670329287347 0.315268863510 0.980596868747 -0.128133903270 -0.270522740382 -0.0598156828823 0.0515834678290 0.0129096198364 0.0113206530587 0.0186491475306
# log_dev_Nom:
 1.20761789952 0.464848840400 -0.237945919079 -0.697901105404 -0.891311915387 -0.928480554315 -0.858054828521 -0.712321868953 -0.541649027613 -0.386952403408 -0.342956311692
# log_dev_Noh:
 -0.131091724135 0.753480071707 1.52016239947 0.549778608269 1.36330022585 0.271167022148 0.112383847550 0.0489915029486 0.0214926001758 0.00938079389714 0.00283464956713
# log_Fm:
 -1.45996416057 -1.68668255799 -1.69424272755 -1.68958380682 -2.37274792240 -3.24383597008 -0.812484872785 -4.01235556466 -3.30024884736 -4.26154437239 -4.23529473454 -5.77883935907 -0.382760329416 0.186537836091 0.443165845575 -0.194921363250 -5.80018514089 -3.49527918492 -4.05063942966 -4.67984847173 -4.96577438289 -1.78860333256 -1.65450083434 -0.716986581045 -0.390093511407 -0.547716414245 0.423975249763 0.999999973586 0.999999971599 0.229814538213 0.381391144328 0.391359554744
# log_Fh:
 -0.530768512351 -0.384377610805 -0.252274626519 0.215237951846 0.999999984561 0.999999921785 0.999999991806 0.999999895239 0.999999988365 0.999999950236 0.402053964207 -3.47094803202 -0.414732925874 0.117359345240 0.120864531430 -0.566811332464 -4.28269703382 -2.29801952346 -3.33253888078 -4.01868629244 -3.83603846432 -2.73641790423 -2.70873512107 -2.31463309387 -2.29904319220 -1.04494437526 -1.84495274951 -1.72126964700 -2.17377264940 -2.03799085524 -1.57764846019 -1.94385198571
# log_qflo:
 -8.44097962399
# log_qcru:
 1.11577584014 1.06655887800
# log_Lom:
2.94443897917
# log_cv_edadm:
-2.09485579481
# log_Loh:
2.94443897917
# log_cv_edadh:
-2.37115980939
# log_Mh:
-1.20397280433
# log_Mm:
-1.20397280433
# log_Fref:
 0.00653007370397 -0.583528210308 -0.833217731168 -0.975404466072
