# Number of parameters = 172 Objective function value = inf  Maximum gradient component = 14640.8731654319
# log_L50flom:
 3.21887582486820
# log_sdL50flomL:
 0.405465108108164
# log_sdL50flomR:
 3.55534806148941
# log_L50floh:
 3.21887582486820
# log_sdL50flohL:
 0.405465108108164
# log_sdL50flohR:
 3.55534806148941
# log_L50cruh:
 3.17805383034795
# log_sdL50cruhL:
 0.405465108108164
# log_sdL50cruhR:
 3.55534806148941
# log_L50crum:
 3.17805383034795
# log_sdL50crumL:
 0.405465108108164
# log_sdL50crumR:
 3.55534806148941
# log_Ro:
0.00000000000
# log_propmR:
-0.693140000000
# log_dev_Ro:
 0.00000000000 0.00000000000 0.00000000000 0.00000000000 0.00000000000 0.00000000000 0.00000000000 0.00000000000 0.00000000000 0.00000000000 0.00000000000 0.00000000000 0.00000000000 0.00000000000 0.00000000000 0.00000000000 0.00000000000 0.00000000000 0.00000000000 0.00000000000 0.00000000000 0.00000000000 0.00000000000 0.00000000000 0.00000000000 0.00000000000 0.00000000000 0.00000000000 0.00000000000 0.00000000000 0.00000000000 0.00000000000 0.00000000000 0.00000000000 0.00000000000 0.00000000000 0.00000000000 0.00000000000 0.00000000000 0.00000000000 0.00000000000 0.00000000000
# log_dev_Nom:
 0.00000000000 0.00000000000 0.00000000000 0.00000000000 0.00000000000 0.00000000000 0.00000000000 0.00000000000 0.00000000000 0.00000000000 0.00000000000
# log_dev_Noh:
 0.00000000000 0.00000000000 0.00000000000 0.00000000000 0.00000000000 0.00000000000 0.00000000000 0.00000000000 0.00000000000 0.00000000000 0.00000000000
# log_Fm:
 -10.1000000000 -10.1000000000 -10.1000000000 -10.1000000000 -10.1000000000 -10.1000000000 -10.1000000000 -10.1000000000 -10.1000000000 -10.1000000000 -10.1000000000 -10.1000000000 -10.1000000000 -10.1000000000 -10.1000000000 -10.1000000000 -10.1000000000 -10.1000000000 -10.1000000000 -10.1000000000 -10.1000000000 -10.1000000000 -10.1000000000 -10.1000000000 -10.1000000000 -10.1000000000 -10.1000000000 -10.1000000000 -10.1000000000 -10.1000000000 -10.1000000000 -10.1000000000 -10.1000000000 -10.1000000000 -10.1000000000 -10.1000000000 -10.1000000000 -10.1000000000 -10.1000000000 -10.1000000000 -10.1000000000 -10.1000000000
# log_Fh:
 -10.1000000000 -10.1000000000 -10.1000000000 -10.1000000000 -10.1000000000 -10.1000000000 -10.1000000000 -10.1000000000 -10.1000000000 -10.1000000000 -10.1000000000 -10.1000000000 -10.1000000000 -10.1000000000 -10.1000000000 -10.1000000000 -10.1000000000 -10.1000000000 -10.1000000000 -10.1000000000 -10.1000000000 -10.1000000000 -10.1000000000 -10.1000000000 -10.1000000000 -10.1000000000 -10.1000000000 -10.1000000000 -10.1000000000 -10.1000000000 -10.1000000000 -10.1000000000 -10.1000000000 -10.1000000000 -10.1000000000 -10.1000000000 -10.1000000000 -10.1000000000 -10.1000000000 -10.1000000000 -10.1000000000 -10.1000000000
# log_qflo:
 0.00000000000
# log_qcru:
 0.00000000000 0.00000000000
# log_Lom:
2.95854948243
# log_cv_edadm:
-2.30258509299
# log_Loh:
2.93332481343
# log_cv_edadh:
-2.30258509299
# log_Mh:
-1.20397280433
# log_Mm:
-1.20397280433
# log_Fref:
 0.00000000000 0.00000000000 0.00000000000 0.00000000000
