# Number of parameters = 164 Objective function value = 28680.8177662647  Maximum gradient component = 346.984717933223
# log_L50flom:
 2.46138320768923
# log_sdL50flomL:
 0.950548769351822
# log_L50floh:
 1.62848364723784
# log_sdL50flohL:
 0.749186453336025
# log_L50cruh:
 1.24211463142387
# log_sdL50cruhL:
 0.202649102029693
# log_L50crum:
 2.67046365465006
# log_sdL50crumL:
 1.27279479327663
# log_Ro:
5.47629504207
# log_propmR:
-0.693140000000
# log_dev_Ro:
 0.588598684322 -0.0900508643315 -0.262600672512 -0.194887582537 0.233974612471 0.781312961281 -0.232726890088 -0.710337339587 0.164750021948 0.429425534194 1.10760057159 1.37609603664 -0.293092467629 -0.00527358785912 0.140986638651 -0.406097713096 0.160881020654 -0.995668587375 -0.0536077127336 0.231178685409 0.552865619899 0.397578104836 0.616536854298 0.343577337341 0.433960339409 0.353900659298 0.539377823270 -0.198868038356 0.433969532816 -0.0386645928845 -0.0149243887736 0.159985000260 -0.957358471029 -0.249292520541 -0.856027326480 -0.945633857663 -0.191219827317 -0.541194749343 -0.307007142082 -0.388340735984 -0.998245398278 -0.115435572106
# log_dev_Nom:
 -0.382903563448 -0.333085981741 -0.274171640797 -0.216092028746 -0.158243756958 -0.103185640106 -0.0189419061473 0.178838069087 0.109384112628 0.0784656211410 0.212024725659
# log_dev_Noh:
 -1.60172675487 -0.405889830504 0.0203950516040 0.0245445128014 -0.00931464986978 -0.00509117072838 0.00519444044261 0.0127675028247 -0.00186046900854 -0.00691783577966 -0.00720372476583
# log_Fm:
 -14.3190625544 -17.9361003968 -12.7250037718 -10.3958127246 -7.57026927060 -12.7951005303 -8.12254707550 1.70416797176 3.55335422221 -6.51985843298 3.28746161651 5.95020703199 7.56648407910 -14.1484156769 5.20777880038 5.71574862645 5.35750527452 5.24859824290 5.19543761374 5.88944171650 6.99650754614 7.62067782338 7.04424526559 5.80786896651 6.23093869959 5.35615677610 5.70855228841 5.45098353923 5.31886464938 5.11898612957 4.86801921500 4.82149534479 4.50132989381 4.81486414203 4.40712098676 4.17395651757 4.48012649424 4.47536693693 4.47669854372 4.61595871591 4.74029853202 4.59887397462
# log_Fh:
 7.25893503123 4.74515337125 -5.21331563578 -0.276793996541 -0.343434018856 0.418891914014 1.31878498660 -1.40037623457 -18.3974417466 1.05632219335 -17.7243814148 -1.39779365276 -1.38950405129 0.674350100007 -1.23771021840 -0.286921988131 -0.906411353797 -0.885488728876 -0.620547490137 0.260735781182 0.0901777078084 -0.213815253855 0.332897176894 -1.24101308872 -0.569531418110 -1.04562647848 -0.792253434048 -1.16668337812 -1.10076642604 -1.18114100034 -1.08919976136 -1.09206829362 -0.863183719371 -1.36376698902 -1.73020541943 -1.85549425316 -1.11986928341 -1.52324340257 -1.42456031140 -1.67467653285 -1.91826156100 -1.73645189228
# log_qflo:
 -7.68772170920
# log_qcru:
 1.09597387821 1.06891511954
# log_Lom:
2.89037175790
# log_cv_edadm:
-2.30258509299
# log_Loh:
2.77258872224
# log_cv_edadh:
-2.30258509299
# log_Mh:
-1.20397280433
# log_Mm:
-1.20397280433
# log_Fref:
 0.0267857285862 -0.0185205336828 -0.0413152287443 -0.0550374906706
