# Number of parameters = 148 Objective function value = 22140.9549591098  Maximum gradient component = 4.54195442235480e-05
# log_L50flom:
 1.94486299734007
# log_sdL50flomL:
 0.925055367651029
# log_L50floh:
 1.33468767017617
# log_sdL50flohL:
 0.0805640092845590
# log_L50crum:
 2.00469479245344
# log_sdL50crumL:
 1.15991743823983
# log_L50cruh:
 1.34080359488669
# log_sdL50cruhL:
 0.638845323630419
# log_Ro:
5.12858169989
# log_propmR:
-0.693140000000
# log_dev_Ro:
 -0.132490438687 0.0982076310357 -0.0379497143497 0.483065460692 0.245317443665 1.03146563884 0.365605905480 -0.487710768453 -1.33072319675 -1.72937082443 -1.40538548426 -0.788602958591 -0.339859656430 0.523212207410 0.740582069223 0.661991406595 0.0606393894562 0.730520274354 0.639849955783 0.145017447550 0.487895104877 -0.125278794036 0.919559310319 -0.326703023833 0.248696994548 -0.257091777763 0.00816891834081 0.0151575988600 -0.0128955174773 -0.288181781958 -0.426098762914 -0.632898179493 0.644688983977 1.10103704053 -0.705387126904 -0.124050775216
# log_dev_Nom:
 -0.177328457776 -0.135667536125 -0.00771210361643 0.377695377800 0.899488008911 1.67703823880 0.384970161438 0.245536434532 0.119134933172 0.0508910711579 0.0133462692846
# log_dev_Noh:
 -0.586382736093 -0.887160004593 -1.01054995847 -1.02893608641 -0.952491295963 -0.834484951636 -0.713302772312 -0.593107806494 -0.475252485653 -0.368546221931 -0.463007704403
# log_Fm:
 -0.433418540359 -0.400341044401 -0.177495793505 0.258934684098 0.475021083717 -0.0265765155389 0.562688223701 -0.774102203087 -1.56090968578 -2.02224809927 -2.43542142930 -4.14336455615 -0.511862174289 0.377964107601 0.999999998745 0.999999963112 -3.24490540191 -1.31004010293 -2.39531562891 -2.95894297269 -3.06361636803 -1.34651675899 -1.30270757650 -0.425872025604 -0.278239794089 -0.564374138741 -0.220074312859 -0.705981771614 -1.08570361470 -1.37336447578 -0.745508915840 -0.547053325159 -0.367067829339 -0.211857377039 0.160063631070 0.763869460835
# log_Fh:
 -2.29798090418 -2.55177873996 -2.55154122901 -2.55764087758 -3.04659060298 -3.04785020510 -0.974342618838 -2.05612584784 -1.83441176939 -1.83935428024 -1.41551497633 -5.56116879257 -0.957590071088 -0.461769134927 -0.696249459066 -1.14909389817 -6.45468370607 -4.11105589655 -4.43563223386 -5.27989799304 -5.29028921269 -2.87215263296 -2.93135326281 -2.47252995977 -2.61201780829 -1.44021676385 -2.87227775073 -2.84560666142 -3.05420845444 -2.61751852829 -2.21679399864 -2.66248875114 -2.40598652664 -2.15971831722 -1.81108285410 -1.58327655764
# log_qflo:
 -8.77416000326
# log_qcru:
 0.795577930280 0.768212974744
# log_Lom:
2.94443897917
# log_cv_edadm:
-2.35879384774
# log_Loh:
2.94443897917
# log_cv_edadh:
-2.81175943925
# log_Mh:
-1.20397280433
# log_Mm:
-1.20397280433
# log_Fref:
 -0.381027989335 -0.870420551128 -1.08824725895 -1.21478403996
