# Number of parameters = 166 Objective function value = 22139.5059960436  Maximum gradient component = 2.51563425780691e-05
# log_L50flom:
 1.74001906894104
# log_sdL50flomL:
 0.837790897267214
# log_L50floh:
 1.32679177837904
# log_sdL50flohL:
 0.0537489801956297
# log_L50crum:
 1.75601279441106
# log_sdL50crumL:
 1.10597597454557
# log_L50cruh:
 1.30390416562305
# log_sdL50cruhL:
 0.621010372417243
# log_Ro:
5.50422266848
# log_propmR:
-0.693140000000
# log_dev_Ro:
 -0.289430292342 -0.337467726037 -0.294655935612 -0.147345423885 0.00576968626248 0.0251036669582 0.567050440240 0.324172312617 -0.0118659064936 0.164408145604 0.567829934177 0.345582535243 -0.180665194720 -0.745784085855 -1.13763512280 -1.49356032875 -1.17223210065 -0.551374277590 0.0636051303708 0.710891734759 0.916319619571 0.666204618744 0.192691947551 0.636057787564 0.597094148162 0.190376568538 0.350813828728 0.00824332654081 0.778557747049 -0.367558831619 0.149832497299 -0.290132810978 -0.216621501866 -0.0252324387970 -0.0732566327537 -0.240433314760 -0.430074092384 -0.534725158841 0.640610152242 1.15277302812 -0.550113948370 0.0361762687634
# log_dev_Nom:
 0.0962199549376 1.78183133973 0.401411468245 0.243168629756 0.180227801812 0.143532702166 0.114268976446 0.0854175507282 0.0653598708592 0.0480744291639 0.108093298954
# log_dev_Noh:
 -0.329491942493 -0.233524607534 -0.150803365469 -0.190837610798 -0.198179387980 -0.167339387726 -0.135140251815 -0.106648018925 -0.0804633583767 -0.0604584536180 -0.0953168827696
# log_Fm:
 -19.4524872799 -2.15879837045 -0.387616004523 -0.200000022793 -0.200000004119 -1.26198833764 -0.790428863497 -19.8389585689 -1.00498183458 -0.614834082723 -2.24054744735 -18.1690545935 -18.3206514814 -17.7867696732 -18.7595399421 -18.9185206638 -2.72895335855 -4.87338804296 -1.19112777972 -0.200000007367 -0.200000001071 -1.01513277940 -19.2856795542 -19.5511165240 -19.7094499274 -19.8504275310 -12.3665251520 -2.59600895450 -2.46144752247 -1.64306391091 -1.55571575730 -1.89422988343 -1.54070824730 -2.06012852754 -2.33912476956 -2.47013597779 -1.75364694277 -1.56741378370 -1.44422894624 -1.38161951253 -1.20282013956 -1.04422821229
# log_Fh:
 -2.66572226442 -2.66497302167 -0.200000017052 -2.66488524890 -2.66467532207 -2.66505424887 -2.67895594845 -0.200000572516 -0.200003736482 -0.200000415755 -0.545539406057 -1.21414388853 -0.200000040980 -1.27924391851 -1.52184227072 -1.56235254403 -1.81332195797 -17.3358990167 -0.992886634184 -0.482951299301 -1.03687750985 -1.84970119068 -5.57725261534 -3.43704740747 -4.11086241416 -4.51616851112 -4.29229265118 -3.37650574301 -3.40055308607 -2.96815900686 -3.08084700021 -2.03121750261 -3.33874499822 -3.31035543008 -3.48900157306 -3.03032070609 -2.57866662233 -2.98716098963 -2.72221000562 -2.51355179544 -2.26989286922 -2.26276345308
# log_qflo:
 -9.45556566676
# log_qcru:
 -0.198467651600 -0.00432444014549
# log_Lom:
2.94443897917
# log_cv_edadm:
-2.60459462773
# log_Loh:
2.94443897917
# log_cv_edadh:
-2.84260601906
# log_Mh:
-1.20397280433
# log_Mm:
-1.20397280433
# log_Fref:
 -0.263331410869 -0.813350568728 -1.04680235713 -1.18035969638
