# Number of parameters = 160 Objective function value = 11611.8746161871  Maximum gradient component = 0.241465572211598
# log_L50flom:
 3.76202438582538
# log_sdL50flomL:
 1.87329943388098
# log_sdL50flomR:
 4.09455756148028
# log_L50floh:
 3.51050374283132
# log_sdL50flohL:
 1.54530619312956
# log_sdL50flohR:
 4.09160209454858
# log_L50cruh:
 3.43500939533850 3.21887589960311
# log_sdL50cruhL:
 43.1499322356786 -13.6799694158453
# log_sdL50cruhR:
 4.09424524557209 4.08543491522083
# log_L50crum:
 4.18835661974530 3.71462412626687
# log_sdL50crumL:
 2.83079028252317 1.96627287699178
# log_sdL50crumR:
 4.09434456288513 4.09392807047075
# log_Ro:
5.71148482626
# log_propmR:
-0.693140000000
# log_dev_Ro:
 0.0986509973064 0.261824718046 0.215578971751 0.488957718265 1.35782368081 0.000307460644275 0.573828047311 0.112789924824 -0.336844024401 -0.529713228625 -0.368509096223 -0.311107870588 -0.410873381815 0.271882779252 0.466531030869 0.673754130803 0.687779027976 0.359116212679 0.625077839757 0.456447372521 0.380310991813 0.291971949490 -0.114910781632 0.459042225390 -0.409077460248 -0.0966682494168 0.191053658707 -0.370459997167 -0.555725948270 -0.622331378019 -0.441607524800 -0.744374705320 -1.08164339385 -0.927873955407 -0.549859101525 -0.101148640903
# log_dev_Nom:
 0.150434648684 -0.0360716700305 -0.200497103542 -0.288053730977 -0.319189971984 -0.308695864052 -0.274941240737 -0.228284064030 -0.177673488467 -0.130082186450 -0.170647351073
# log_dev_Noh:
 -0.183474227971 -0.320188346316 -0.401376638133 -0.356486259717 -0.222190577169 -0.106238684571 -0.0432684213063 -0.0162128544030 -0.00582478636204 -0.00204235634490 -0.000346308237486
# log_Fm:
 -2.21275310741 -1.48840712350 -1.47339927577 -1.11966860237 -3.56175104587 -0.971963624710 -1.33487117967 -19.6430204861 -2.47286014229 -1.61394260692 -1.45484446705 -0.944955940138 -0.655195085074 -0.622545068184 -0.200000024884 -0.200000001231 -0.567967814852 -1.93463483587 -1.31220182888 -1.89063343881 -1.49789948380 -1.56428750762 -1.68759599217 -1.68842735475 -1.80150665558 -1.80714046856 -2.03222102320 -1.66367627948 -1.96400252150 -2.06165037625 -1.64776518777 -1.60378520242 -1.62639845243 -1.59217978159 -1.62844217178 -1.62000654097
# log_Fh:
 -0.200000078279 -0.200004279401 -0.200002688649 -0.200000422253 -0.200000114813 -0.200000041423 -0.200000016193 -0.339077136811 -2.54015715876 -1.58349457200 -1.77589013385 -1.51839170398 -1.25356261997 -1.11821321961 -1.44375408910 -1.99918258325 -1.65127442185 -3.09952186875 -2.31088640123 -2.57859382309 -2.34186931856 -2.56096267915 -2.52441116788 -2.48709539670 -2.37259768808 -2.38170683530 -2.22775898744 -2.63279870155 -2.90125759993 -2.96487432100 -2.26548123690 -2.54208112293 -2.48129615056 -2.75914288710 -2.86965709494 -2.49522654879
# log_qflo:
 -9.58253813754
# log_qcru:
 -0.683512247916 -0.465432210160
# log_Lom:
3.03227901015
# log_cv_edadm:
-2.48754873366
# log_Loh:
2.96809281253
# log_cv_edadh:
-2.55325224085
# log_Mh:
-1.20397280433
# log_Mm:
-1.20397280433
# log_Fref:
 -0.409788235150 -0.888145365504 -1.10265621845 -1.22757523540
