# Number of parameters = 148 Objective function value = 2661.05200512042  Maximum gradient component = 1.07705854680080e-05
# log_L50flom:
 1.95939919141676
# log_sdL50flomL:
 0.889096877801232
# log_L50floh:
 1.11559499469049
# log_sdL50flohL:
 -3.14781553514269
# log_L50crum:
 1.97042953844159
# log_sdL50crumL:
 1.15427721001282
# log_L50cruh:
 1.26752534975815
# log_sdL50cruhL:
 0.530352567174690
# log_Ro:
5.25320340064
# log_propmR:
-0.693140000000
# log_dev_Ro:
 -0.218387501353 0.316111913588 -0.230308479949 0.0954656101514 -0.175958406598 -0.160833552327 1.42325012708 -0.800961046780 -1.19773069392 -1.47510853406 -1.17835211714 -0.609171394770 -0.212991902996 0.651876382131 0.957748871925 0.611233668869 0.0696617908581 0.826276235532 0.182612938317 -0.0975265571510 0.0513328562416 -0.0707965995239 0.662451190173 -0.353917255965 -0.275245543669 0.242837579230 -0.157028513292 -0.0824156265586 0.332931981073 0.225505504964 -0.0910417012450 8.11653591534e-05 0.611570636266 0.466375820961 -0.191378429914 -0.148170415504
# log_dev_Nom:
 -0.149480065343 -0.117196290496 -0.0382644903088 0.283172423286 0.703595881532 1.66723331616 0.423659636949 0.283683238580 0.136949546093 0.0576526644828 0.0146559880270
# log_dev_Noh:
 -0.741878900377 -0.913713983665 -1.03277811300 -1.03219829495 -0.951244500038 -0.857442602566 -0.758976708743 -0.656843408828 -0.550575722899 -0.449598731780 -0.654545587958
# log_Fm:
 -0.419782912440 -0.418004050963 -0.207305511801 0.217488330996 0.329693608816 -0.166478732288 0.999999976131 0.0208326406471 -0.273630857099 -0.388515144265 -0.737972691014 -3.43760019905 -0.0244369350753 0.621264193369 0.999999996962 0.573018121017 -3.57168540593 -1.45332563904 -2.29057943214 -3.01542727879 -3.18057698015 -1.68095316453 -1.63810181193 -0.795705187326 -0.592769247216 -0.843473591132 -0.255556135701 -0.657692679794 -0.968454750301 -1.19662788679 -0.528822624638 -0.303832054887 -0.144539843107 -0.0813904990581 -0.00692950921989 0.00918659787618
# log_Fh:
 -3.24171831988 -3.36494803433 -3.36357948083 -3.36575204306 -3.81422456323 -4.13965316129 -2.69712048564 -4.17891405638 -3.57748880591 -3.23924222849 -2.44670065752 -6.59836289529 -1.38675537345 -1.00636178415 -1.42057445099 -2.08601609622 -7.70097775219 -5.63743961891 -6.17871067655 -6.51930398346 -6.27231094919 -3.35313269339 -3.27208631994 -2.76231722250 -2.81087724039 -1.84269644959 -3.06055156886 -2.94368403281 -3.07574561880 -2.75517766715 -2.31762369426 -2.71666371253 -2.57095569374 -2.44613908396 -2.25730975426 -2.30096570311
# log_qflo:
 -9.02608913523
# log_qcru:
 0.125220225695 0.528538089986
# log_Lom:
2.94443897917
# log_cv_edadm:
-2.29084901407
# log_Loh:
2.94443897917
# log_cv_edadh:
-2.48958573561
# log_Mh:
-1.20397280433
# log_Mm:
-1.20397280433
# log_Fref:
 -0.360345179547 -0.902936904903 -1.13136399088 -1.26204049121
