# nyrs 
 36 

# nages 
 11 

# ntallas 
 43 

# Ind 
1985 2263.00 0.59258 00000.0 0.000 0.1 0.15 0.3 0.05 72.1906006404736 65.0367619087058 72.636457454098 50.6687763628141
1986 2736.00 0.54936 00000.0 0.000 0.1 0.15 0.3 0.05 72.1906006404736 65.0367619087058 72.636457454098 50.6687763628141
1987 3336.00 0.54152 00000.0 0.000 0.1 0.15 0.3 0.05 72.1906006404736 65.0367619087058 72.636457454098 50.6687763628141
1988 3547.00 0.35185 00000.0 0.000 0.1 0.15 0.3 0.05 72.1906006404736 65.0367619087058 72.636457454098 50.6687763628141
1989 1861.00 0.47166 00000.0 0.000 0.1 0.15 0.3 0.05 72.1906006404736 65.0367619087058 72.636457454098 50.6687763628141
1990 0931.00 0.74847 00000.0 0.000 0.1 0.15 0.3 0.05 72.1906006404736 65.0367619087058 72.636457454098 50.6687763628141
1991 2364.00 0.00000 00000.0 0.000 0.1 0.15 0.3 0.05 72.1906006404736 65.0367619087058 72.636457454098 50.6687763628141
1992 0791.00 0.79651 00000.0 0.000 0.1 0.15 0.3 0.05 72.1906006404736 65.0367619087058 72.636457454098 50.6687763628141
1993 0856.00 0.00000 00000.0 0.000 0.1 0.15 0.3 0.05 72.1906006404736 65.0367619087058 72.636457454098 50.6687763628141
1994 0997.00 0.60548 00000.0 0.000 0.1 0.15 0.3 0.05 72.1906006404736 65.0367619087058 72.636457454098 50.6687763628141
1995 1429.00 1.99739 00000.0 0.000 0.1 0.15 0.3 0.05 72.1906006404736 65.0367619087058 72.636457454098 50.6687763628141
1996 0074.00 0.84436 00000.0 0.000 0.1 0.15 0.3 0.05 72.1906006404736 65.0367619087058 72.636457454098 50.6687763628141
1997 3952.00 1.67994 00000.0 0.503 0.1 0.15 0.3 0.05 72.1906006404736 65.0367619087058 72.636457454098 50.6687763628141
1998 4828.00 0.72752 00000.0 0.386 0.1 0.15 0.3 0.05 72.1906006404736 65.0367619087058 72.636457454098 50.6687763628141
1999 2775.00 0.49773 00000.0 0.338 0.1 0.15 0.3 0.05 72.1906006404736 65.0367619087058 72.636457454098 50.6687763628141
2000 0744.00 0.28484 02801.7 0.469 0.1 0.15 0.3 0.05 72.1906006404736 65.0367619087058 72.636457454098 50.6687763628141
2001 0010.58 0.00000 06443.0 0.000 0.1 0.15 0.3 0.05 72.1906006404736 65.0367619087058 72.636457454098 50.6687763628141
2002 0156.50 0.00000 07155.0 0.000 0.1 0.15 0.3 0.05 72.1906006404736 65.0367619087058 72.636457454098 50.6687763628141
2003 0122.54 0.92724 06838.0 0.000 0.1 0.15 0.3 0.05 72.1906006404736 65.0367619087058 72.636457454098 50.6687763628141
2004 0104.15 0.00000 33532.6 0.000 0.1 0.15 0.3 0.05 72.1906006404736 65.0367619087058 72.636457454098 50.6687763628141
2005 0143.45 0.00000 25170.4 0.000 0.1 0.15 0.1 0.05 72.1906006404736 65.0367619087058 72.636457454098 50.6687763628141
2006 1123.03 2.24472 41874.7 0.445 0.1 0.15 0.1 0.05 72.1906006404736 65.0367619087058 72.636457454098 50.6687763628141
2007 1288.27 2.00359 32071.1 0.410 0.1 0.15 0.1 0.05 72.1906006404736 65.0367619087058 72.636457454098 50.6687763628141
2008 2551.10 1.45741 28409.1 0.318 0.1 0.15 0.1 0.05 72.1906006404736 65.0367619087058 72.636457454098 50.6687763628141
2009 2536.52 1.52879 29104.7 0.285 0.1 0.15 0.1 0.05 72.1906006404736 65.0367619087058 72.636457454098 50.6687763628141
2010 2439.81 1.36660 00000.0 0.585 0.1 0.15 0.1 0.05 72.1906006404736 65.0367619087058 72.636457454098 50.6687763628141
2011 2217.07 1.63808 13056.5 0.252 0.1 0.15 0.1 0.05 72.1906006404736 65.0367619087058 72.636457454098 50.6687763628141
2012 1388.50 1.34846 04353.0 0.363 0.1 0.15 0.1 0.05 72.1906006404736 65.0367619087058 72.636457454098 50.6687763628141
2013 1093.55 0.79621 04088.6 0.372 0.1 0.15 0.1 0.05 72.1906006404736 65.0367619087058 72.636457454098 50.6687763628141
2014 1133.60 1.33816 14639.0 0.498 0.1 0.15 0.1 0.05 72.1906006404736 65.0367619087058 72.636457454098 50.6687763628141
2015 1964.10 0.85414 11831.0 0.430 0.1 0.15 0.1 0.05 72.1906006404736 65.0367619087058 72.636457454098 50.6687763628141
2016 1819.04 0.64394 13302.0 0.316 0.1 0.15 0.1 0.05 72.1906006404736 65.0367619087058 72.636457454098 50.6687763628141
2017 1914.84 0.81565 12319.0 0.368 0.1 0.15 0.1 0.05 72.1906006404736 65.0367619087058 72.636457454098 50.6687763628141
2018 1882.35 1.02223 18037.0 0.409 0.1 0.15 0.1 0.05 72.1906006404736 65.0367619087058 72.636457454098 50.6687763628141
2019 1929.32 0.95853 14587.0 0.422 0.1 0.15 0.1 0.05 72.1906006404736 65.0367619087058 72.636457454098 50.6687763628141
2020 1878.00 1.05257 15381.0 0.396 0.1 0.15 0.1 0.05 72.1906006404736 65.0367619087058 72.636457454098 50.6687763628141

# edades 
 1 2 3 4 5 6 7 8 9 10 11 

# tallas 
 10 11 12 13 14 15 16 17 18 19 20 21 22 23 24 25 26 27 28 29 30 31 32 33 34 35 36 37 38 39 40 41 42 43 44 45 46 47 48 49 50 51 52 

# ETflom 
0.00000 0.00000 0.00000 0.00000 0.00000 0.00000 0.00000 0.00000 0.00000 0.00000 0.00000 0.00000 0.00000 0.00000 0.00000 0.00000 0.00000 0.00000 0.00000 0.00000 0.00000 0.00000 0.00000 0.00000 0.00000 0.00000 0.00000 0.00000 0.00000 0.00000 0.00000 0.00000 0.00000 0.00000 0.00000 0.00000 0.00000 0.00000 0.00000 0.00000 0.00000 0.00000 0.00000
0.00000 0.00000 0.00000 0.00000 0.00000 0.00000 0.00000 0.00000 0.00000 0.00000 0.00000 0.00000 0.00000 0.00000 0.00000 0.00000 0.00000 0.00000 0.00000 0.00000 0.00000 0.00000 0.00000 0.00000 0.00000 0.00000 0.00000 0.00000 0.00000 0.00000 0.00000 0.00000 0.00000 0.00000 0.00000 0.00000 0.00000 0.00000 0.00000 0.00000 0.00000 0.00000 0.00000
0.00000 0.00000 0.00000 0.00000 0.00000 0.00000 0.00000 0.00000 0.00000 0.00000 0.00000 0.00000 0.00000 0.00000 0.00000 0.00000 0.00000 0.00000 0.00000 0.00000 0.00000 0.00000 0.00000 0.00000 0.00000 0.00000 0.00000 0.00000 0.00000 0.00000 0.00000 0.00000 0.00000 0.00000 0.00000 0.00000 0.00000 0.00000 0.00000 0.00000 0.00000 0.00000 0.00000
0.00000 0.00000 0.00000 0.00000 0.00000 0.00000 0.00000 0.00000 0.00000 0.00000 0.00000 0.00000 0.00000 0.00000 0.00000 0.00000 0.00000 0.00000 0.00000 0.00000 0.00000 0.00000 0.00000 0.00000 0.00000 0.00000 0.00000 0.00000 0.00000 0.00000 0.00000 0.00000 0.00000 0.00000 0.00000 0.00000 0.00000 0.00000 0.00000 0.00000 0.00000 0.00000 0.00000
0.00000 0.00000 0.00000 0.00000 0.00000 0.00000 0.00000 0.00000 0.00000 0.00000 0.00000 0.00000 0.00000 0.00000 0.00000 0.00000 0.00000 0.00000 0.00000 0.00000 0.00000 0.00000 0.00000 0.00000 0.00000 0.00000 0.00000 0.00000 0.00000 0.00000 0.00000 0.00000 0.00000 0.00000 0.00000 0.00000 0.00000 0.00000 0.00000 0.00000 0.00000 0.00000 0.00000
0.00000 0.00000 0.00000 0.00000 0.00000 0.00000 0.00000 0.00000 0.00000 0.00000 0.00000 0.00000 0.00000 0.00000 0.00000 0.00000 0.00000 0.00000 0.00000 0.00000 0.00000 0.00000 0.00000 0.00000 0.00000 0.00000 0.00000 0.00000 0.00000 0.00000 0.00000 0.00000 0.00000 0.00000 0.00000 0.00000 0.00000 0.00000 0.00000 0.00000 0.00000 0.00000 0.00000
0.00000 0.00000 0.00000 0.00000 0.00000 0.00000 0.00000 0.00000 0.00000 0.00000 0.00000 0.00000 0.00000 0.00000 0.00000 0.00000 0.00000 0.00000 0.00000 0.00000 0.00000 0.00000 0.00000 0.00000 0.00000 0.00000 0.00000 0.00000 0.00000 0.00000 0.00000 0.00000 0.00000 0.00000 0.00000 0.00000 0.00000 0.00000 0.00000 0.00000 0.00000 0.00000 0.00000
0.00000 0.00000 0.00000 0.00000 0.00000 0.00000 0.00000 0.00000 0.00000 0.00000 0.00000 0.00000 0.00000 0.00000 0.00000 0.00000 0.00000 0.00000 0.00000 0.00000 0.00000 0.00000 0.00000 0.00000 0.00000 0.00000 0.00000 0.00000 0.00000 0.00000 0.00000 0.00000 0.00000 0.00000 0.00000 0.00000 0.00000 0.00000 0.00000 0.00000 0.00000 0.00000 0.00000
0.00000 0.00000 0.00000 0.00000 0.00000 0.00000 0.00000 0.00000 0.00000 0.00000 0.00000 0.00000 0.00000 0.00000 0.00000 0.00000 0.00000 0.00000 0.00000 0.00000 0.00000 0.00000 0.00000 0.00000 0.00000 0.00000 0.00000 0.00000 0.00000 0.00000 0.00000 0.00000 0.00000 0.00000 0.00000 0.00000 0.00000 0.00000 0.00000 0.00000 0.00000 0.00000 0.00000
0.00000 0.00000 0.00000 0.00000 0.00000 0.00000 0.00000 0.00000 0.00000 0.00000 0.00000 0.00000 0.00000 0.00000 0.00000 0.00000 0.00000 0.00000 0.00000 0.00000 0.00000 0.00000 0.00000 0.00000 0.00000 0.00000 0.00000 0.00000 0.00000 0.00000 0.00000 0.00000 0.00000 0.00000 0.00000 0.00000 0.00000 0.00000 0.00000 0.00000 0.00000 0.00000 0.00000
0.00000 0.00000 0.00000 0.00000 0.00000 0.00000 0.00000 0.00000 0.00000 0.00000 0.00000 0.00000 0.00000 0.00000 0.00000 0.00000 0.00000 0.00000 0.00000 0.00000 0.00000 0.00000 0.00000 0.00000 0.00000 0.00000 0.00000 0.00000 0.00000 0.00000 0.00000 0.00000 0.00000 0.00000 0.00000 0.00000 0.00000 0.00000 0.00000 0.00000 0.00000 0.00000 0.00000
0.00000 0.00000 0.00000 0.00000 0.00000 0.00000 0.00000 0.00000 0.00000 0.00000 0.00000 0.00000 0.00000 0.00000 0.00000 0.00000 0.00000 0.00000 0.00000 0.00000 0.00000 0.00000 0.00000 0.00000 0.00000 0.00000 0.00000 0.00000 0.00000 0.00000 0.00000 0.00000 0.00000 0.00000 0.00000 0.00000 0.00000 0.00000 0.00000 0.00000 0.00000 0.00000 0.00000
0.00000 0.00000 0.00000 0.00000 0.00000 0.00000 0.00000 0.00000 0.00001 0.00007 0.00000 0.00013 0.00013 0.00032 0.00051 0.00103 0.00152 0.00166 0.00299 0.00458 0.00648 0.01303 0.01686 0.02454 0.02522 0.03430 0.03418 0.04285 0.04465 0.06424 0.08208 0.08334 0.09860 0.09799 0.08853 0.09045 0.06529 0.04499 0.02001 0.00647 0.00280 0.00014 0.00004
0.00000 0.00000 0.00000 0.00000 0.00000 0.00000 0.00000 0.00000 0.00017 0.00160 0.00024 0.00083 0.00076 0.00262 0.00099 0.00134 0.00040 0.00080 0.00057 0.00056 0.00073 0.00148 0.00172 0.00971 0.00746 0.01898 0.01880 0.02123 0.03956 0.04300 0.06262 0.08668 0.11225 0.11119 0.13370 0.15804 0.08655 0.04148 0.02335 0.00728 0.00268 0.00050 0.00014
0.00000 0.00000 0.00000 0.00000 0.00000 0.00000 0.00000 0.00000 0.00000 0.00000 0.00026 0.00065 0.00044 0.00036 0.00181 0.00482 0.00845 0.01299 0.01282 0.02254 0.02414 0.03488 0.03671 0.04483 0.05614 0.05961 0.07578 0.06982 0.07002 0.07224 0.06346 0.06467 0.07151 0.06268 0.04593 0.03839 0.02484 0.01247 0.00340 0.00291 0.00044 0.00000 0.00000
0.00000 0.00000 0.00000 0.00000 0.00000 0.00000 0.00000 0.00000 0.00000 0.00000 0.01399 0.00000 0.02098 0.04895 0.07692 0.09790 0.09091 0.14685 0.11189 0.06993 0.08392 0.06993 0.06294 0.02797 0.02797 0.02797 0.00000 0.01399 0.00000 0.00000 0.00000 0.00000 0.00699 0.00000 0.00000 0.00000 0.00000 0.00000 0.00000 0.00000 0.00000 0.00000 0.00000
0.00000 0.00000 0.00000 0.00000 0.00000 0.00000 0.00000 0.00000 0.00000 0.00000 0.00000 0.00000 0.00000 0.00000 0.00000 0.00000 0.00000 0.00000 0.00000 0.00000 0.00000 0.00000 0.00000 0.00000 0.00000 0.00000 0.00000 0.00000 0.00000 0.00000 0.00000 0.00000 0.00000 0.00000 0.00000 0.00000 0.00000 0.00000 0.00000 0.00000 0.00000 0.00000 0.00000
0.00000 0.00000 0.00000 0.00000 0.00000 0.00000 0.00000 0.00000 0.00000 0.00000 0.00000 0.00000 0.00000 0.00000 0.00000 0.00000 0.00000 0.00000 0.00000 0.00000 0.00000 0.00000 0.00000 0.00000 0.00000 0.00000 0.00000 0.00000 0.00000 0.00000 0.00000 0.00000 0.00000 0.00000 0.00000 0.00000 0.00000 0.00000 0.00000 0.00000 0.00000 0.00000 0.00000
0.00000 0.00000 0.00000 0.00000 0.00000 0.00000 0.00000 0.00000 0.00000 0.00000 0.00000 0.00000 0.00000 0.00000 0.00000 0.00000 0.00000 0.00000 0.00000 0.00000 0.00000 0.00000 0.00000 0.00000 0.00000 0.00000 0.00000 0.00000 0.00000 0.00000 0.00000 0.00000 0.00000 0.00000 0.00000 0.00000 0.00000 0.00000 0.00000 0.00000 0.00000 0.00000 0.00000
0.00000 0.00000 0.00000 0.00000 0.00000 0.00000 0.00000 0.00000 0.00000 0.00000 0.00000 0.00000 0.00000 0.00000 0.00000 0.00000 0.00000 0.00000 0.00000 0.00000 0.00000 0.00000 0.00000 0.00000 0.00000 0.00000 0.00000 0.00000 0.00000 0.00000 0.00000 0.00000 0.00000 0.00000 0.00000 0.00000 0.00000 0.00000 0.00000 0.00000 0.00000 0.00000 0.00000
0.00000 0.00000 0.00000 0.00000 0.00000 0.00000 0.00000 0.00000 0.00000 0.00000 0.00000 0.00000 0.00000 0.00000 0.00000 0.00000 0.00000 0.00000 0.00000 0.00000 0.00000 0.00543 0.01087 0.01087 0.04348 0.01087 0.03804 0.02174 0.03261 0.07609 0.11957 0.15761 0.10326 0.12500 0.08696 0.07065 0.02717 0.03261 0.01087 0.01087 0.00543 0.00000 0.00000
0.00000 0.00000 0.00000 0.00004 0.00000 0.00000 0.00009 0.00009 0.00031 0.00058 0.00044 0.00067 0.00053 0.00120 0.00155 0.00275 0.00395 0.00768 0.00879 0.01736 0.02273 0.03694 0.04582 0.06104 0.06673 0.07316 0.07303 0.07916 0.07050 0.08031 0.06313 0.06859 0.06824 0.05545 0.03632 0.02140 0.01456 0.00870 0.00400 0.00266 0.00067 0.00031 0.00009
0.00000 0.00000 0.00000 0.00002 0.00000 0.00000 0.00004 0.00011 0.00005 0.00007 0.00012 0.00023 0.00032 0.00046 0.00165 0.00317 0.00534 0.01064 0.01708 0.02972 0.03961 0.05519 0.06253 0.06730 0.06551 0.06830 0.06746 0.07339 0.06129 0.07159 0.06206 0.06541 0.05589 0.04254 0.03112 0.01934 0.01042 0.00633 0.00305 0.00121 0.00049 0.00028 0.00016
0.00000 0.00000 0.00000 0.00000 0.00000 0.00000 0.00000 0.00000 0.00000 0.00000 0.00000 0.00000 0.00000 0.00005 0.00012 0.00038 0.00165 0.00345 0.00488 0.01198 0.02027 0.02876 0.03988 0.04828 0.05938 0.07243 0.07845 0.07746 0.07658 0.07632 0.07047 0.06988 0.06805 0.05824 0.05242 0.03770 0.02202 0.00989 0.00718 0.00276 0.00091 0.00013 0.00000
0.00000 0.00000 0.00000 0.00000 0.00000 0.00000 0.00000 0.00000 0.00000 0.00000 0.00000 0.00000 0.00145 0.00000 0.00355 0.00130 0.00499 0.00951 0.00760 0.02021 0.02980 0.03870 0.05301 0.06014 0.06730 0.07863 0.08548 0.07372 0.07795 0.06702 0.06376 0.06196 0.06155 0.04619 0.03647 0.02248 0.01354 0.00931 0.00251 0.00145 0.00042 0.00000 0.00000
0.00000 0.00000 0.00000 0.00000 0.00006 0.00000 0.00000 0.00013 0.00006 0.00072 0.00017 0.00024 0.00171 0.00263 0.00294 0.00424 0.00695 0.00518 0.00553 0.00617 0.01037 0.01553 0.01560 0.01892 0.02155 0.02438 0.03148 0.03593 0.04207 0.06011 0.10122 0.12529 0.14952 0.12311 0.10004 0.05054 0.02232 0.00994 0.00391 0.00100 0.00046 0.00000 0.00000
0.00000 0.00000 0.00000 0.00000 0.00000 0.00000 0.00000 0.00000 0.00090 0.00100 0.00002 0.00002 0.00004 0.00033 0.00055 0.00085 0.00345 0.00595 0.01186 0.02171 0.02883 0.03948 0.04713 0.05264 0.05864 0.05419 0.06252 0.06674 0.06125 0.06119 0.06433 0.07465 0.08156 0.07741 0.06130 0.03292 0.01749 0.00763 0.00270 0.00063 0.00008 0.00000 0.00000
0.00000 0.00000 0.00000 0.00000 0.00000 0.00000 0.00000 0.00000 0.00000 0.00000 0.00000 0.00000 0.00000 0.00023 0.00035 0.00050 0.00089 0.00181 0.00425 0.00764 0.01030 0.02012 0.02270 0.03002 0.04472 0.04939 0.06731 0.06935 0.08515 0.07488 0.08168 0.07437 0.09738 0.08578 0.08396 0.05056 0.02611 0.00833 0.00114 0.00080 0.00029 0.00000 0.00000
0.00000 0.00000 0.00000 0.00000 0.00000 0.00000 0.00000 0.00000 0.00000 0.00000 0.00000 0.00000 0.00041 0.00041 0.00082 0.00105 0.00032 0.00175 0.00522 0.00609 0.01038 0.01087 0.01979 0.02074 0.03022 0.03686 0.05227 0.06139 0.07773 0.07267 0.09055 0.09819 0.10849 0.08713 0.07841 0.05770 0.03236 0.01881 0.00980 0.00393 0.00314 0.00199 0.00050
0.00000 0.00000 0.00000 0.00000 0.00000 0.00000 0.00000 0.00000 0.00000 0.00000 0.00000 0.00000 0.00000 0.00118 0.00162 0.00262 0.00267 0.00582 0.00747 0.00897 0.01865 0.01748 0.02215 0.03577 0.03159 0.04196 0.03934 0.04475 0.04724 0.06462 0.07636 0.07631 0.08190 0.11475 0.09829 0.07040 0.03961 0.02624 0.01558 0.00374 0.00178 0.00091 0.00021
0.00000 0.00000 0.00000 0.00000 0.00000 0.00000 0.00000 0.00000 0.00000 0.00000 0.00000 0.00000 0.00040 0.00035 0.00050 0.00004 0.00257 0.00374 0.00364 0.00600 0.01013 0.01306 0.01931 0.01678 0.01681 0.02052 0.02758 0.03321 0.03684 0.04496 0.07030 0.08310 0.10601 0.12389 0.11859 0.10015 0.06866 0.03977 0.02128 0.00716 0.00310 0.00095 0.00049
0.00000 0.00000 0.00000 0.00000 0.00000 0.00000 0.00000 0.00000 0.00000 0.00000 0.00000 0.00000 0.00000 0.00008 0.00136 0.00104 0.00029 0.00064 0.00507 0.00910 0.01547 0.01856 0.03110 0.04104 0.05023 0.05073 0.05024 0.04945 0.05286 0.04563 0.05049 0.04451 0.05352 0.07500 0.09389 0.08663 0.07195 0.04476 0.02476 0.01353 0.00789 0.00500 0.00325
0.00000 0.00000 0.00000 0.00000 0.00000 0.00000 0.00000 0.00000 0.00000 0.00004 0.00008 0.00008 0.00056 0.00043 0.00154 0.00164 0.00183 0.00173 0.00397 0.00600 0.01269 0.02009 0.02937 0.04213 0.04462 0.05712 0.04970 0.04360 0.04719 0.04626 0.04857 0.04029 0.04987 0.06051 0.06789 0.07267 0.07628 0.06878 0.04959 0.02989 0.01206 0.00809 0.00302
0.00000 0.00000 0.00000 0.00000 0.00000 0.00000 0.00000 0.00000 0.00000 0.00000 0.00000 0.00000 0.00000 0.00008 0.00000 0.00023 0.00113 0.00112 0.00211 0.00362 0.00841 0.01441 0.02242 0.03054 0.03766 0.04841 0.05503 0.05482 0.06437 0.06163 0.06043 0.06153 0.06146 0.06989 0.07274 0.07178 0.07015 0.05484 0.03569 0.02057 0.01042 0.00300 0.00141
0.00000 0.00000 0.00000 0.00000 0.00000 0.00000 0.00000 0.00000 0.00000 0.00021 0.00000 0.00000 0.00000 0.00020 0.00050 0.00096 0.00164 0.00261 0.00375 0.00517 0.00993 0.01419 0.01832 0.02170 0.02995 0.03334 0.04275 0.04409 0.05201 0.05588 0.06113 0.06887 0.07144 0.06699 0.07109 0.07806 0.07116 0.05786 0.04402 0.03048 0.01780 0.01108 0.00619
0.00000 0.00000 0.00000 0.00000 0.00000 0.00000 0.00000 0.00000 0.00000 0.00000 0.00000 0.00035 0.00001 0.00019 0.00018 0.00077 0.00078 0.00245 0.00424 0.00640 0.00995 0.01578 0.02114 0.02114 0.03236 0.03363 0.03853 0.04544 0.04832 0.05377 0.06433 0.07312 0.07369 0.07391 0.07223 0.07423 0.07025 0.05716 0.04257 0.02786 0.01589 0.00907 0.00549

# ETfloh 
0.00000 0.00000 0.00000 0.00000 0.00000 0.00000 0.00000 0.00000 0.00000 0.00000 0.00000 0.00000 0.00000 0.00000 0.00000 0.00000 0.00000 0.00000 0.00000 0.00000 0.00000 0.00000 0.00000 0.00000 0.00000 0.00000 0.00000 0.00000 0.00000 0.00000 0.00000 0.00000 0.00000 0.00000 0.00000 0.00000 0.00000 0.00000 0.00000 0.00000 0.00000 0.00000 0.00000
0.00000 0.00000 0.00000 0.00000 0.00000 0.00000 0.00000 0.00000 0.00000 0.00000 0.00000 0.00000 0.00000 0.00000 0.00000 0.00000 0.00000 0.00000 0.00000 0.00000 0.00000 0.00000 0.00000 0.00000 0.00000 0.00000 0.00000 0.00000 0.00000 0.00000 0.00000 0.00000 0.00000 0.00000 0.00000 0.00000 0.00000 0.00000 0.00000 0.00000 0.00000 0.00000 0.00000
0.00000 0.00000 0.00000 0.00000 0.00000 0.00000 0.00000 0.00000 0.00000 0.00000 0.00000 0.00000 0.00000 0.00000 0.00000 0.00000 0.00000 0.00000 0.00000 0.00000 0.00000 0.00000 0.00000 0.00000 0.00000 0.00000 0.00000 0.00000 0.00000 0.00000 0.00000 0.00000 0.00000 0.00000 0.00000 0.00000 0.00000 0.00000 0.00000 0.00000 0.00000 0.00000 0.00000
0.00000 0.00000 0.00000 0.00000 0.00000 0.00000 0.00000 0.00000 0.00000 0.00000 0.00000 0.00000 0.00000 0.00000 0.00000 0.00000 0.00000 0.00000 0.00000 0.00000 0.00000 0.00000 0.00000 0.00000 0.00000 0.00000 0.00000 0.00000 0.00000 0.00000 0.00000 0.00000 0.00000 0.00000 0.00000 0.00000 0.00000 0.00000 0.00000 0.00000 0.00000 0.00000 0.00000
0.00000 0.00000 0.00000 0.00000 0.00000 0.00000 0.00000 0.00000 0.00000 0.00000 0.00000 0.00000 0.00000 0.00000 0.00000 0.00000 0.00000 0.00000 0.00000 0.00000 0.00000 0.00000 0.00000 0.00000 0.00000 0.00000 0.00000 0.00000 0.00000 0.00000 0.00000 0.00000 0.00000 0.00000 0.00000 0.00000 0.00000 0.00000 0.00000 0.00000 0.00000 0.00000 0.00000
0.00000 0.00000 0.00000 0.00000 0.00000 0.00000 0.00000 0.00000 0.00000 0.00000 0.00000 0.00000 0.00000 0.00000 0.00000 0.00000 0.00000 0.00000 0.00000 0.00000 0.00000 0.00000 0.00000 0.00000 0.00000 0.00000 0.00000 0.00000 0.00000 0.00000 0.00000 0.00000 0.00000 0.00000 0.00000 0.00000 0.00000 0.00000 0.00000 0.00000 0.00000 0.00000 0.00000
0.00000 0.00000 0.00000 0.00000 0.00000 0.00000 0.00000 0.00000 0.00000 0.00000 0.00000 0.00000 0.00000 0.00000 0.00000 0.00000 0.00000 0.00000 0.00000 0.00000 0.00000 0.00000 0.00000 0.00000 0.00000 0.00000 0.00000 0.00000 0.00000 0.00000 0.00000 0.00000 0.00000 0.00000 0.00000 0.00000 0.00000 0.00000 0.00000 0.00000 0.00000 0.00000 0.00000
0.00000 0.00000 0.00000 0.00000 0.00000 0.00000 0.00000 0.00000 0.00000 0.00000 0.00000 0.00000 0.00000 0.00000 0.00000 0.00000 0.00000 0.00000 0.00000 0.00000 0.00000 0.00000 0.00000 0.00000 0.00000 0.00000 0.00000 0.00000 0.00000 0.00000 0.00000 0.00000 0.00000 0.00000 0.00000 0.00000 0.00000 0.00000 0.00000 0.00000 0.00000 0.00000 0.00000
0.00000 0.00000 0.00000 0.00000 0.00000 0.00000 0.00000 0.00000 0.00000 0.00000 0.00000 0.00000 0.00000 0.00000 0.00000 0.00000 0.00000 0.00000 0.00000 0.00000 0.00000 0.00000 0.00000 0.00000 0.00000 0.00000 0.00000 0.00000 0.00000 0.00000 0.00000 0.00000 0.00000 0.00000 0.00000 0.00000 0.00000 0.00000 0.00000 0.00000 0.00000 0.00000 0.00000
0.00000 0.00000 0.00000 0.00000 0.00000 0.00000 0.00000 0.00000 0.00000 0.00000 0.00000 0.00000 0.00000 0.00000 0.00000 0.00000 0.00000 0.00000 0.00000 0.00000 0.00000 0.00000 0.00000 0.00000 0.00000 0.00000 0.00000 0.00000 0.00000 0.00000 0.00000 0.00000 0.00000 0.00000 0.00000 0.00000 0.00000 0.00000 0.00000 0.00000 0.00000 0.00000 0.00000
0.00000 0.00000 0.00000 0.00000 0.00000 0.00000 0.00000 0.00000 0.00000 0.00000 0.00000 0.00000 0.00000 0.00000 0.00000 0.00000 0.00000 0.00000 0.00000 0.00000 0.00000 0.00000 0.00000 0.00000 0.00000 0.00000 0.00000 0.00000 0.00000 0.00000 0.00000 0.00000 0.00000 0.00000 0.00000 0.00000 0.00000 0.00000 0.00000 0.00000 0.00000 0.00000 0.00000
0.00000 0.00000 0.00000 0.00000 0.00000 0.00000 0.00000 0.00000 0.00000 0.00000 0.00000 0.00000 0.00000 0.00000 0.00000 0.00000 0.00000 0.00000 0.00000 0.00000 0.00000 0.00000 0.00000 0.00000 0.00000 0.00000 0.00000 0.00000 0.00000 0.00000 0.00000 0.00000 0.00000 0.00000 0.00000 0.00000 0.00000 0.00000 0.00000 0.00000 0.00000 0.00000 0.00000
0.00000 0.00000 0.00000 0.00000 0.00000 0.00000 0.00000 0.00000 0.00000 0.00000 0.00000 0.00063 0.00000 0.00095 0.00133 0.00231 0.00247 0.00817 0.01182 0.02107 0.04393 0.04341 0.06532 0.10036 0.10504 0.12669 0.10528 0.09736 0.09168 0.07099 0.05018 0.02590 0.01318 0.00795 0.00194 0.00084 0.00114 0.00004 0.00000 0.00004 0.00000 0.00000 0.00000
0.00000 0.00000 0.00000 0.00000 0.00000 0.00000 0.00000 0.00000 0.00000 0.00059 0.00043 0.00038 0.00220 0.00000 0.00111 0.00093 0.00098 0.00147 0.00000 0.01175 0.01724 0.04033 0.08518 0.07223 0.09593 0.12539 0.12034 0.11462 0.13704 0.07205 0.03924 0.03269 0.01472 0.00649 0.00251 0.00082 0.00263 0.00050 0.00021 0.00000 0.00000 0.00000 0.00000
0.00000 0.00000 0.00000 0.00000 0.00000 0.00000 0.00000 0.00132 0.00070 0.00085 0.00040 0.00085 0.00236 0.00130 0.00849 0.01394 0.02689 0.04065 0.02623 0.05597 0.06115 0.08054 0.10667 0.06616 0.08966 0.07663 0.06582 0.06714 0.05420 0.05218 0.03381 0.02316 0.01490 0.01163 0.00748 0.00499 0.00239 0.00113 0.00040 0.00000 0.00000 0.00000 0.00000
0.00000 0.00000 0.00000 0.00000 0.00000 0.00000 0.00000 0.00000 0.00435 0.00000 0.01304 0.02174 0.03478 0.04783 0.06087 0.07826 0.10870 0.12609 0.10870 0.06522 0.09565 0.09130 0.06957 0.04348 0.01739 0.00435 0.00000 0.00000 0.00435 0.00000 0.00435 0.00000 0.00000 0.00000 0.00000 0.00000 0.00000 0.00000 0.00000 0.00000 0.00000 0.00000 0.00000
0.00000 0.00000 0.00000 0.00000 0.00000 0.00000 0.00000 0.00000 0.00000 0.00000 0.00000 0.00000 0.00000 0.00000 0.00000 0.00000 0.00000 0.00000 0.00000 0.00000 0.00000 0.00000 0.00000 0.00000 0.00000 0.00000 0.00000 0.00000 0.00000 0.00000 0.00000 0.00000 0.00000 0.00000 0.00000 0.00000 0.00000 0.00000 0.00000 0.00000 0.00000 0.00000 0.00000
0.00000 0.00000 0.00000 0.00000 0.00000 0.00000 0.00000 0.00000 0.00000 0.00000 0.00000 0.00000 0.00000 0.00000 0.00000 0.00000 0.00000 0.00000 0.00000 0.00000 0.00000 0.00000 0.00000 0.00000 0.00000 0.00000 0.00000 0.00000 0.00000 0.00000 0.00000 0.00000 0.00000 0.00000 0.00000 0.00000 0.00000 0.00000 0.00000 0.00000 0.00000 0.00000 0.00000
0.00000 0.00000 0.00000 0.00000 0.00000 0.00000 0.00000 0.00000 0.00000 0.00000 0.00000 0.00000 0.00000 0.00000 0.00000 0.00000 0.00000 0.00000 0.00000 0.00000 0.00000 0.00000 0.00000 0.00000 0.00000 0.00000 0.00000 0.00000 0.00000 0.00000 0.00000 0.00000 0.00000 0.00000 0.00000 0.00000 0.00000 0.00000 0.00000 0.00000 0.00000 0.00000 0.00000
0.00000 0.00000 0.00000 0.00000 0.00000 0.00000 0.00000 0.00000 0.00000 0.00000 0.00000 0.00000 0.00000 0.00000 0.00000 0.00000 0.00000 0.00000 0.00000 0.00000 0.00000 0.00000 0.00000 0.00000 0.00000 0.00000 0.00000 0.00000 0.00000 0.00000 0.00000 0.00000 0.00000 0.00000 0.00000 0.00000 0.00000 0.00000 0.00000 0.00000 0.00000 0.00000 0.00000
0.00000 0.00000 0.00000 0.00000 0.00000 0.00000 0.00000 0.00000 0.00000 0.00000 0.00000 0.00000 0.00000 0.00000 0.00000 0.00000 0.00000 0.00000 0.00000 0.06977 0.09302 0.04651 0.23256 0.18605 0.13953 0.04651 0.02326 0.04651 0.00000 0.00000 0.06977 0.04651 0.00000 0.00000 0.00000 0.00000 0.00000 0.00000 0.00000 0.00000 0.00000 0.00000 0.00000
0.00000 0.00000 0.00000 0.00000 0.00000 0.00000 0.00005 0.00011 0.00011 0.00033 0.00054 0.00060 0.00054 0.00103 0.00207 0.00457 0.00979 0.02208 0.04035 0.07973 0.10235 0.14206 0.15065 0.14624 0.10975 0.07500 0.04835 0.02725 0.01577 0.00914 0.00402 0.00364 0.00169 0.00125 0.00060 0.00016 0.00005 0.00000 0.00011 0.00000 0.00000 0.00000 0.00000
0.00000 0.00000 0.00000 0.00003 0.00000 0.00003 0.00000 0.00003 0.00013 0.00019 0.00035 0.00059 0.00059 0.00040 0.00088 0.00221 0.00459 0.01290 0.03194 0.07230 0.10803 0.14708 0.15743 0.13989 0.10915 0.07694 0.04897 0.03258 0.01701 0.01301 0.00701 0.00536 0.00429 0.00269 0.00141 0.00085 0.00053 0.00037 0.00013 0.00005 0.00003 0.00003 0.00000
0.00000 0.00000 0.00000 0.00000 0.00000 0.00000 0.00000 0.00000 0.00000 0.00000 0.00000 0.00000 0.00000 0.00000 0.00040 0.00184 0.00603 0.01531 0.02572 0.04171 0.06635 0.09017 0.10883 0.13983 0.13732 0.11297 0.08440 0.05973 0.04199 0.03802 0.01481 0.00593 0.00447 0.00207 0.00077 0.00058 0.00028 0.00047 0.00000 0.00000 0.00000 0.00000 0.00000
0.00000 0.00000 0.00000 0.00000 0.00000 0.00000 0.00000 0.00000 0.00000 0.00000 0.00000 0.00037 0.00065 0.00198 0.00312 0.00477 0.01053 0.01148 0.04318 0.05502 0.09524 0.11732 0.12070 0.12045 0.11103 0.10411 0.08077 0.05530 0.03099 0.01171 0.01015 0.00613 0.00240 0.00144 0.00021 0.00093 0.00000 0.00000 0.00000 0.00000 0.00000 0.00000 0.00000
0.00000 0.00000 0.00000 0.00000 0.00000 0.00000 0.00000 0.00000 0.00045 0.00000 0.00123 0.00170 0.00343 0.00493 0.00536 0.00956 0.01319 0.01425 0.02285 0.03549 0.06520 0.08952 0.11655 0.14203 0.13047 0.12129 0.08857 0.06254 0.03919 0.01930 0.00868 0.00274 0.00087 0.00052 0.00011 0.00000 0.00000 0.00000 0.00000 0.00000 0.00000 0.00000 0.00000
0.00000 0.00000 0.00000 0.00000 0.00000 0.00000 0.00000 0.00000 0.00000 0.00000 0.00215 0.00011 0.00160 0.00000 0.00630 0.01540 0.05437 0.05612 0.16241 0.08713 0.11210 0.09965 0.09050 0.10252 0.07700 0.05381 0.03521 0.02140 0.01078 0.00677 0.00236 0.00155 0.00029 0.00029 0.00015 0.00000 0.00000 0.00000 0.00000 0.00000 0.00000 0.00000 0.00000
0.00000 0.00000 0.00000 0.00000 0.00000 0.00000 0.00000 0.00000 0.00000 0.00000 0.00000 0.00000 0.00000 0.00000 0.00072 0.00047 0.00289 0.00674 0.01716 0.03288 0.04821 0.08347 0.12310 0.12755 0.14780 0.10241 0.10214 0.08473 0.05051 0.03768 0.01388 0.00777 0.00614 0.00250 0.00100 0.00025 0.00000 0.00000 0.00000 0.00000 0.00000 0.00000 0.00000
0.00000 0.00000 0.00000 0.00000 0.00000 0.00000 0.00000 0.00000 0.00000 0.00000 0.00011 0.00036 0.00000 0.00061 0.00025 0.00000 0.00528 0.01666 0.01565 0.03263 0.05739 0.07459 0.10889 0.09437 0.10387 0.11552 0.10915 0.09805 0.06906 0.05641 0.02698 0.01015 0.00308 0.00082 0.00011 0.00000 0.00000 0.00000 0.00000 0.00000 0.00000 0.00000 0.00000
0.00000 0.00000 0.00000 0.00000 0.00000 0.00000 0.00000 0.00000 0.00000 0.00045 0.00045 0.00045 0.00866 0.00166 0.00504 0.00724 0.00760 0.00674 0.01358 0.02430 0.05263 0.06046 0.09334 0.10974 0.11016 0.13915 0.13874 0.09428 0.06362 0.02957 0.01836 0.00791 0.00485 0.00037 0.00000 0.00042 0.00000 0.00000 0.00021 0.00000 0.00000 0.00000 0.00000
0.00000 0.00000 0.00000 0.00000 0.00000 0.00000 0.00000 0.00000 0.00000 0.00000 0.00000 0.00000 0.00000 0.00098 0.00520 0.00417 0.01407 0.00843 0.03658 0.04112 0.05154 0.06802 0.09757 0.09490 0.11830 0.10909 0.10903 0.08890 0.05854 0.03772 0.02866 0.00778 0.01203 0.00607 0.00063 0.00063 0.00000 0.00000 0.00000 0.00000 0.00000 0.00000 0.00000
0.00000 0.00000 0.00000 0.00000 0.00000 0.00000 0.00000 0.00000 0.00000 0.00000 0.00000 0.00000 0.00000 0.00000 0.00000 0.00052 0.00826 0.00555 0.01999 0.02457 0.07628 0.09021 0.10381 0.15550 0.12905 0.08350 0.08378 0.08166 0.05078 0.03846 0.01855 0.01266 0.01113 0.00371 0.00133 0.00061 0.00000 0.00000 0.00000 0.00000 0.00000 0.00000 0.00000
0.00000 0.00000 0.00000 0.00000 0.00000 0.00000 0.00000 0.00000 0.00016 0.00000 0.00017 0.00000 0.00100 0.00347 0.00633 0.01033 0.01224 0.01789 0.03913 0.07352 0.10498 0.10349 0.08510 0.07298 0.07454 0.06680 0.07979 0.06689 0.06379 0.04570 0.03253 0.02283 0.00890 0.00445 0.00171 0.00014 0.00079 0.00000 0.00000 0.00035 0.00000 0.00000 0.00000
0.00000 0.00000 0.00000 0.00000 0.00000 0.00000 0.00000 0.00000 0.00000 0.00000 0.00000 0.00000 0.00000 0.00100 0.00062 0.00208 0.00148 0.00678 0.01720 0.03764 0.06005 0.08263 0.09895 0.09800 0.08541 0.08680 0.06237 0.07220 0.06257 0.06874 0.05183 0.04193 0.02096 0.02691 0.01140 0.00152 0.00037 0.00018 0.00018 0.00011 0.00007 0.00000 0.00000
0.00000 0.00000 0.00000 0.00000 0.00000 0.00000 0.00000 0.00000 0.00000 0.00000 0.00000 0.00008 0.00017 0.00007 0.00099 0.00179 0.00340 0.00664 0.01462 0.02723 0.04462 0.06749 0.09252 0.09500 0.10619 0.11034 0.08970 0.08830 0.07313 0.05755 0.04912 0.03136 0.01894 0.01258 0.00366 0.00202 0.00083 0.00042 0.00122 0.00000 0.00000 0.00000 0.00000
0.00000 0.00000 0.00000 0.00000 0.00000 0.00000 0.00000 0.00000 0.00000 0.00000 0.00000 0.00000 0.00039 0.00073 0.00112 0.00211 0.00509 0.01323 0.02734 0.03453 0.05048 0.06858 0.08828 0.10200 0.10309 0.09869 0.09603 0.08846 0.07903 0.05213 0.04010 0.02420 0.00808 0.01199 0.00297 0.00064 0.00061 0.00009 0.00000 0.00000 0.00000 0.00000 0.00000

# ETcrum 
0.00000 0.00000 0.00000 0.00000 0.00000 0.00000 0.00000 0.00000 0.00000 0.00000 0.00000 0.00000 0.00000 0.00000 0.00000 0.00000 0.00000 0.00000 0.00000 0.00000 0.00000 0.00000 0.00000 0.00000 0.00000 0.00000 0.00000 0.00000 0.00000 0.00000 0.00000 0.00000 0.00000 0.00000 0.00000 0.00000 0.00000 0.00000 0.00000 0.00000 0.00000 0.00000 0.00000
0.00000 0.00000 0.00000 0.00000 0.00000 0.00000 0.00000 0.00000 0.00000 0.00000 0.00000 0.00000 0.00000 0.00000 0.00000 0.00000 0.00000 0.00000 0.00000 0.00000 0.00000 0.00000 0.00000 0.00000 0.00000 0.00000 0.00000 0.00000 0.00000 0.00000 0.00000 0.00000 0.00000 0.00000 0.00000 0.00000 0.00000 0.00000 0.00000 0.00000 0.00000 0.00000 0.00000
0.00000 0.00000 0.00000 0.00000 0.00000 0.00000 0.00000 0.00000 0.00000 0.00000 0.00000 0.00000 0.00000 0.00000 0.00000 0.00000 0.00000 0.00000 0.00000 0.00000 0.00000 0.00000 0.00000 0.00000 0.00000 0.00000 0.00000 0.00000 0.00000 0.00000 0.00000 0.00000 0.00000 0.00000 0.00000 0.00000 0.00000 0.00000 0.00000 0.00000 0.00000 0.00000 0.00000
0.00000 0.00000 0.00000 0.00000 0.00000 0.00000 0.00000 0.00000 0.00000 0.00000 0.00000 0.00000 0.00000 0.00000 0.00000 0.00000 0.00000 0.00000 0.00000 0.00000 0.00000 0.00000 0.00000 0.00000 0.00000 0.00000 0.00000 0.00000 0.00000 0.00000 0.00000 0.00000 0.00000 0.00000 0.00000 0.00000 0.00000 0.00000 0.00000 0.00000 0.00000 0.00000 0.00000
0.00000 0.00000 0.00000 0.00000 0.00000 0.00000 0.00000 0.00000 0.00000 0.00000 0.00000 0.00000 0.00000 0.00000 0.00000 0.00000 0.00000 0.00000 0.00000 0.00000 0.00000 0.00000 0.00000 0.00000 0.00000 0.00000 0.00000 0.00000 0.00000 0.00000 0.00000 0.00000 0.00000 0.00000 0.00000 0.00000 0.00000 0.00000 0.00000 0.00000 0.00000 0.00000 0.00000
0.00000 0.00000 0.00000 0.00000 0.00000 0.00000 0.00000 0.00000 0.00000 0.00000 0.00000 0.00000 0.00000 0.00000 0.00000 0.00000 0.00000 0.00000 0.00000 0.00000 0.00000 0.00000 0.00000 0.00000 0.00000 0.00000 0.00000 0.00000 0.00000 0.00000 0.00000 0.00000 0.00000 0.00000 0.00000 0.00000 0.00000 0.00000 0.00000 0.00000 0.00000 0.00000 0.00000
0.00000 0.00000 0.00000 0.00000 0.00000 0.00000 0.00000 0.00000 0.00000 0.00000 0.00000 0.00000 0.00000 0.00000 0.00000 0.00000 0.00000 0.00000 0.00000 0.00000 0.00000 0.00000 0.00000 0.00000 0.00000 0.00000 0.00000 0.00000 0.00000 0.00000 0.00000 0.00000 0.00000 0.00000 0.00000 0.00000 0.00000 0.00000 0.00000 0.00000 0.00000 0.00000 0.00000
0.00000 0.00000 0.00000 0.00000 0.00000 0.00000 0.00000 0.00000 0.00000 0.00000 0.00000 0.00000 0.00000 0.00000 0.00000 0.00000 0.00000 0.00000 0.00000 0.00000 0.00000 0.00000 0.00000 0.00000 0.00000 0.00000 0.00000 0.00000 0.00000 0.00000 0.00000 0.00000 0.00000 0.00000 0.00000 0.00000 0.00000 0.00000 0.00000 0.00000 0.00000 0.00000 0.00000
0.00000 0.00000 0.00000 0.00000 0.00000 0.00000 0.00000 0.00000 0.00000 0.00000 0.00000 0.00000 0.00000 0.00000 0.00000 0.00000 0.00000 0.00000 0.00000 0.00000 0.00000 0.00000 0.00000 0.00000 0.00000 0.00000 0.00000 0.00000 0.00000 0.00000 0.00000 0.00000 0.00000 0.00000 0.00000 0.00000 0.00000 0.00000 0.00000 0.00000 0.00000 0.00000 0.00000
0.00000 0.00000 0.00000 0.00000 0.00000 0.00000 0.00000 0.00000 0.00000 0.00000 0.00000 0.00000 0.00000 0.00000 0.00000 0.00000 0.00000 0.00000 0.00000 0.00000 0.00000 0.00000 0.00000 0.00000 0.00000 0.00000 0.00000 0.00000 0.00000 0.00000 0.00000 0.00000 0.00000 0.00000 0.00000 0.00000 0.00000 0.00000 0.00000 0.00000 0.00000 0.00000 0.00000
0.00000 0.00000 0.00000 0.00000 0.00000 0.00000 0.00000 0.00000 0.00000 0.00000 0.00000 0.00000 0.00000 0.00000 0.00000 0.00000 0.00000 0.00000 0.00000 0.00000 0.00000 0.00000 0.00000 0.00000 0.00000 0.00000 0.00000 0.00000 0.00000 0.00000 0.00000 0.00000 0.00000 0.00000 0.00000 0.00000 0.00000 0.00000 0.00000 0.00000 0.00000 0.00000 0.00000
0.00000 0.00000 0.00000 0.00000 0.00000 0.00000 0.00000 0.00000 0.00000 0.00000 0.00000 0.00000 0.00000 0.00000 0.00000 0.00000 0.00000 0.00000 0.00000 0.00000 0.00000 0.00000 0.00000 0.00000 0.00000 0.00000 0.00000 0.00000 0.00000 0.00000 0.00000 0.00000 0.00000 0.00000 0.00000 0.00000 0.00000 0.00000 0.00000 0.00000 0.00000 0.00000 0.00000
0.00000 0.00000 0.00000 0.00000 0.00000 0.00000 0.00000 0.00000 0.00000 0.00000 0.00000 0.00000 0.00000 0.00000 0.00000 0.00000 0.00000 0.00000 0.00000 0.00000 0.00000 0.00000 0.00000 0.00000 0.00000 0.00000 0.00000 0.00000 0.00000 0.00000 0.00000 0.00000 0.00000 0.00000 0.00000 0.00000 0.00000 0.00000 0.00000 0.00000 0.00000 0.00000 0.00000
0.00000 0.00000 0.00000 0.00000 0.00000 0.00000 0.00000 0.00000 0.00000 0.00000 0.00000 0.00000 0.00000 0.00000 0.00000 0.00000 0.00000 0.00000 0.00000 0.00000 0.00000 0.00000 0.00000 0.00000 0.00000 0.00000 0.00000 0.00000 0.00000 0.00000 0.00000 0.00000 0.00000 0.00000 0.00000 0.00000 0.00000 0.00000 0.00000 0.00000 0.00000 0.00000 0.00000
0.00000 0.00000 0.00000 0.00000 0.00000 0.00000 0.00000 0.00000 0.00000 0.00000 0.00000 0.00000 0.00000 0.00000 0.00000 0.00000 0.00000 0.00000 0.00000 0.00000 0.00000 0.00000 0.00000 0.00000 0.00000 0.00000 0.00000 0.00000 0.00000 0.00000 0.00000 0.00000 0.00000 0.00000 0.00000 0.00000 0.00000 0.00000 0.00000 0.00000 0.00000 0.00000 0.00000
0.00002 0.00024 0.00140 0.00157 0.00157 0.00487 0.01096 0.01873 0.02919 0.01397 0.04307 0.05446 0.05748 0.05573 0.05293 0.04989 0.04023 0.04324 0.03841 0.03629 0.03221 0.03735 0.02700 0.03393 0.03920 0.02806 0.02324 0.02488 0.02205 0.01721 0.01964 0.02726 0.02383 0.01866 0.01570 0.01996 0.01385 0.01114 0.00428 0.00284 0.00256 0.00052 0.00015
0.00000 0.00000 0.00024 0.00026 0.00035 0.00095 0.00028 0.00292 0.00569 0.00782 0.01973 0.02939 0.02959 0.03966 0.05275 0.04394 0.05164 0.03340 0.04474 0.03505 0.03693 0.04082 0.02955 0.03347 0.03070 0.03961 0.04050 0.04103 0.04061 0.05066 0.04912 0.03581 0.02943 0.01828 0.01697 0.01599 0.01726 0.00423 0.01053 0.00640 0.00603 0.00094 0.00649
0.00001 0.00001 0.00001 0.00000 0.00003 0.00018 0.00075 0.00135 0.00425 0.00523 0.01175 0.01808 0.02903 0.03753 0.04312 0.07971 0.09217 0.07598 0.07895 0.06846 0.05275 0.04247 0.04202 0.03884 0.03500 0.03455 0.03304 0.02943 0.03109 0.03139 0.02566 0.01495 0.01417 0.00890 0.00722 0.00411 0.00352 0.00152 0.00090 0.00077 0.00030 0.00014 0.00020
0.00000 0.00000 0.00000 0.00000 0.00010 0.00000 0.00029 0.00011 0.00034 0.00110 0.00040 0.00141 0.00190 0.00119 0.01040 0.01789 0.01493 0.01179 0.02886 0.03090 0.04146 0.06029 0.06142 0.06916 0.07522 0.06686 0.06743 0.07241 0.08099 0.06700 0.05964 0.02528 0.03469 0.02620 0.03100 0.01548 0.01421 0.00728 0.00101 0.00083 0.00030 0.00019 0.00005
0.00000 0.00000 0.00000 0.00000 0.00000 0.00134 0.00015 0.00158 0.00156 0.00101 0.00237 0.00186 0.00259 0.00647 0.00450 0.00681 0.01324 0.01431 0.01756 0.02034 0.01873 0.04062 0.05133 0.05718 0.05505 0.06776 0.07792 0.08120 0.07279 0.05671 0.05607 0.06554 0.05421 0.04627 0.03353 0.02387 0.01254 0.01046 0.00903 0.00846 0.00278 0.00224 0.00000
0.00000 0.00000 0.00000 0.00000 0.00000 0.00000 0.00008 0.00024 0.00039 0.00054 0.00034 0.00198 0.00140 0.00247 0.00284 0.00399 0.00443 0.00893 0.01012 0.01289 0.01282 0.03022 0.04232 0.04815 0.04362 0.05511 0.06039 0.08079 0.07859 0.07439 0.07442 0.07773 0.06706 0.06659 0.05108 0.03218 0.02236 0.01464 0.00927 0.00500 0.00185 0.00078 0.00000
0.00000 0.00000 0.00000 0.00000 0.00000 0.00001 0.00000 0.00008 0.00008 0.00015 0.00042 0.00083 0.00140 0.00111 0.00380 0.00650 0.00972 0.01563 0.02793 0.02920 0.03401 0.04861 0.05204 0.06723 0.06067 0.06313 0.06587 0.05969 0.07160 0.05723 0.05968 0.06103 0.05175 0.04936 0.04059 0.03019 0.01594 0.00708 0.00344 0.00177 0.00189 0.00031 0.00000
0.00000 0.00000 0.00000 0.00007 0.00010 0.00000 0.00000 0.00007 0.00015 0.00032 0.00046 0.00042 0.00059 0.00108 0.00257 0.00365 0.00449 0.00548 0.01034 0.01291 0.01664 0.02262 0.02860 0.04112 0.03606 0.04879 0.06211 0.06688 0.07809 0.07787 0.07241 0.08170 0.07920 0.08037 0.06160 0.04607 0.02856 0.01274 0.00906 0.00353 0.00167 0.00165 0.00000
0.00000 0.00000 0.00000 0.00000 0.00000 0.00011 0.00008 0.00015 0.00028 0.00069 0.00111 0.00179 0.00139 0.00259 0.00218 0.00307 0.00278 0.00523 0.00922 0.01579 0.02535 0.03320 0.03676 0.04077 0.04213 0.04443 0.04672 0.04609 0.05332 0.06232 0.06256 0.07929 0.08282 0.08591 0.07935 0.05685 0.03770 0.02028 0.00956 0.00585 0.00141 0.00083 0.00000
0.00000 0.00000 0.00000 0.00000 0.00000 0.00000 0.00000 0.00000 0.00000 0.00000 0.00000 0.00026 0.00111 0.00131 0.00200 0.00291 0.00274 0.00464 0.00677 0.01011 0.01644 0.02745 0.02764 0.04105 0.04697 0.05401 0.05267 0.06686 0.06640 0.06327 0.06511 0.08551 0.07528 0.07621 0.07120 0.05264 0.03264 0.02104 0.01037 0.00652 0.00560 0.00327 0.00000
0.00000 0.00000 0.00000 0.00000 0.00000 0.00000 0.00000 0.00000 0.00000 0.00000 0.00000 0.00000 0.00000 0.00000 0.00000 0.00000 0.00000 0.00000 0.00000 0.00000 0.00000 0.00000 0.00000 0.00000 0.00000 0.00000 0.00000 0.00000 0.00000 0.00000 0.00000 0.00000 0.00000 0.00000 0.00000 0.00000 0.00000 0.00000 0.00000 0.00000 0.00000 0.00000 0.00000
0.00000 0.00000 0.00000 0.00000 0.00000 0.00000 0.00014 0.00001 0.00000 0.00015 0.00103 0.00002 0.00017 0.00056 0.00024 0.00001 0.00057 0.00280 0.00853 0.02365 0.03106 0.04411 0.06662 0.05446 0.06432 0.06013 0.06127 0.05670 0.06190 0.05971 0.06557 0.05778 0.05677 0.06339 0.05743 0.04064 0.02909 0.01651 0.00868 0.00217 0.00106 0.00278 0.00000
0.00000 0.00000 0.00000 0.00000 0.00000 0.00000 0.00047 0.00000 0.00092 0.00128 0.00053 0.00031 0.00037 0.00144 0.00146 0.00200 0.00226 0.00207 0.00435 0.00846 0.01189 0.01974 0.03291 0.04081 0.04658 0.04822 0.06284 0.05665 0.06174 0.06221 0.06431 0.06843 0.07517 0.08841 0.09684 0.06912 0.03314 0.02030 0.00862 0.00404 0.00142 0.00066 0.00000
0.00000 0.00000 0.00000 0.00000 0.00000 0.00106 0.00000 0.00000 0.00000 0.00176 0.00106 0.00282 0.00695 0.00244 0.00306 0.00771 0.01319 0.04180 0.03453 0.04439 0.05417 0.06748 0.09102 0.06466 0.06035 0.06165 0.04275 0.04489 0.07240 0.03149 0.04945 0.03340 0.03076 0.03735 0.02558 0.01160 0.03464 0.01621 0.00596 0.00167 0.00078 0.00098 0.00000
0.00000 0.00000 0.00000 0.00000 0.00005 0.00011 0.00046 0.00011 0.00040 0.00084 0.00073 0.00063 0.00108 0.00121 0.00082 0.00149 0.00196 0.00340 0.00461 0.01000 0.01013 0.02219 0.02419 0.03235 0.02843 0.03702 0.03917 0.04547 0.05391 0.06583 0.06441 0.06973 0.07711 0.08377 0.07563 0.07942 0.05709 0.04279 0.02432 0.01947 0.01968 0.00000 0.00000
0.00000 0.00000 0.00000 0.00000 0.00001 0.00000 0.00001 0.00026 0.00041 0.00028 0.00052 0.00103 0.00087 0.00145 0.00425 0.00416 0.00629 0.00660 0.00746 0.01083 0.00978 0.01800 0.02432 0.02730 0.04552 0.03698 0.04963 0.05033 0.04925 0.06190 0.06688 0.07121 0.06826 0.07510 0.07372 0.06863 0.05248 0.04364 0.03046 0.01188 0.01068 0.00356 0.00250
0.00000 0.00000 0.00000 0.00000 0.00000 0.00000 0.00000 0.00000 0.00033 0.00001 0.00075 0.00038 0.00156 0.00184 0.00299 0.00465 0.00371 0.00798 0.01450 0.01863 0.03069 0.03096 0.03012 0.03698 0.03770 0.04065 0.04953 0.04962 0.05621 0.05018 0.06003 0.06351 0.06177 0.06339 0.05948 0.06283 0.05319 0.04506 0.02985 0.01641 0.00739 0.00413 0.00200
0.00000 0.00000 0.00000 0.00000 0.00000 0.00000 0.00000 0.00064 0.00035 0.00152 0.00361 0.00463 0.00254 0.00358 0.00553 0.00938 0.01044 0.01419 0.01604 0.01597 0.01381 0.02507 0.03511 0.03789 0.04670 0.06037 0.05847 0.05507 0.06195 0.05283 0.05498 0.04552 0.04788 0.04693 0.05958 0.05348 0.04602 0.03882 0.03208 0.01731 0.01097 0.00615 0.00297
0.00000 0.00000 0.00000 0.00000 0.00000 0.00000 0.00000 0.00000 0.00000 0.00000 0.00000 0.00025 0.00045 0.00066 0.00069 0.00124 0.00387 0.00755 0.01104 0.01508 0.02392 0.03109 0.03988 0.04552 0.05330 0.05915 0.07481 0.07027 0.07618 0.06992 0.06780 0.05773 0.04585 0.04395 0.03746 0.03292 0.03326 0.02887 0.02684 0.01753 0.01212 0.00496 0.00249
0.00000 0.00000 0.00000 0.00000 0.00000 0.00000 0.00000 0.00000 0.00009 0.00000 0.00003 0.00082 0.00027 0.00069 0.00125 0.00269 0.00443 0.00688 0.01543 0.01800 0.02695 0.04247 0.04976 0.05350 0.06093 0.06106 0.06688 0.07115 0.07493 0.07561 0.07371 0.06142 0.05590 0.04218 0.03778 0.02567 0.02298 0.01998 0.01148 0.00614 0.00410 0.00240 0.00127
0.00000 0.00000 0.00000 0.00000 0.00000 0.00000 0.00000 0.00000 0.00000 0.00000 0.00000 0.00000 0.00000 0.00000 0.00000 0.00000 0.00000 0.00000 0.00000 0.00000 0.00000 0.00000 0.00000 0.00000 0.00000 0.00000 0.00000 0.00000 0.00000 0.00000 0.00000 0.00000 0.00000 0.00000 0.00000 0.00000 0.00000 0.00000 0.00000 0.00000 0.00000 0.00000 0.00000

# ETcruh 
0.00000 0.00000 0.00000 0.00000 0.00000 0.00000 0.00000 0.00000 0.00000 0.00000 0.00000 0.00000 0.00000 0.00000 0.00000 0.00000 0.00000 0.00000 0.00000 0.00000 0.00000 0.00000 0.00000 0.00000 0.00000 0.00000 0.00000 0.00000 0.00000 0.00000 0.00000 0.00000 0.00000 0.00000 0.00000 0.00000 0.00000 0.00000 0.00000 0.00000 0.00000 0.00000 0.00000
0.00000 0.00000 0.00000 0.00000 0.00000 0.00000 0.00000 0.00000 0.00000 0.00000 0.00000 0.00000 0.00000 0.00000 0.00000 0.00000 0.00000 0.00000 0.00000 0.00000 0.00000 0.00000 0.00000 0.00000 0.00000 0.00000 0.00000 0.00000 0.00000 0.00000 0.00000 0.00000 0.00000 0.00000 0.00000 0.00000 0.00000 0.00000 0.00000 0.00000 0.00000 0.00000 0.00000
0.00000 0.00000 0.00000 0.00000 0.00000 0.00000 0.00000 0.00000 0.00000 0.00000 0.00000 0.00000 0.00000 0.00000 0.00000 0.00000 0.00000 0.00000 0.00000 0.00000 0.00000 0.00000 0.00000 0.00000 0.00000 0.00000 0.00000 0.00000 0.00000 0.00000 0.00000 0.00000 0.00000 0.00000 0.00000 0.00000 0.00000 0.00000 0.00000 0.00000 0.00000 0.00000 0.00000
0.00000 0.00000 0.00000 0.00000 0.00000 0.00000 0.00000 0.00000 0.00000 0.00000 0.00000 0.00000 0.00000 0.00000 0.00000 0.00000 0.00000 0.00000 0.00000 0.00000 0.00000 0.00000 0.00000 0.00000 0.00000 0.00000 0.00000 0.00000 0.00000 0.00000 0.00000 0.00000 0.00000 0.00000 0.00000 0.00000 0.00000 0.00000 0.00000 0.00000 0.00000 0.00000 0.00000
0.00000 0.00000 0.00000 0.00000 0.00000 0.00000 0.00000 0.00000 0.00000 0.00000 0.00000 0.00000 0.00000 0.00000 0.00000 0.00000 0.00000 0.00000 0.00000 0.00000 0.00000 0.00000 0.00000 0.00000 0.00000 0.00000 0.00000 0.00000 0.00000 0.00000 0.00000 0.00000 0.00000 0.00000 0.00000 0.00000 0.00000 0.00000 0.00000 0.00000 0.00000 0.00000 0.00000
0.00000 0.00000 0.00000 0.00000 0.00000 0.00000 0.00000 0.00000 0.00000 0.00000 0.00000 0.00000 0.00000 0.00000 0.00000 0.00000 0.00000 0.00000 0.00000 0.00000 0.00000 0.00000 0.00000 0.00000 0.00000 0.00000 0.00000 0.00000 0.00000 0.00000 0.00000 0.00000 0.00000 0.00000 0.00000 0.00000 0.00000 0.00000 0.00000 0.00000 0.00000 0.00000 0.00000
0.00000 0.00000 0.00000 0.00000 0.00000 0.00000 0.00000 0.00000 0.00000 0.00000 0.00000 0.00000 0.00000 0.00000 0.00000 0.00000 0.00000 0.00000 0.00000 0.00000 0.00000 0.00000 0.00000 0.00000 0.00000 0.00000 0.00000 0.00000 0.00000 0.00000 0.00000 0.00000 0.00000 0.00000 0.00000 0.00000 0.00000 0.00000 0.00000 0.00000 0.00000 0.00000 0.00000
0.00000 0.00000 0.00000 0.00000 0.00000 0.00000 0.00000 0.00000 0.00000 0.00000 0.00000 0.00000 0.00000 0.00000 0.00000 0.00000 0.00000 0.00000 0.00000 0.00000 0.00000 0.00000 0.00000 0.00000 0.00000 0.00000 0.00000 0.00000 0.00000 0.00000 0.00000 0.00000 0.00000 0.00000 0.00000 0.00000 0.00000 0.00000 0.00000 0.00000 0.00000 0.00000 0.00000
0.00000 0.00000 0.00000 0.00000 0.00000 0.00000 0.00000 0.00000 0.00000 0.00000 0.00000 0.00000 0.00000 0.00000 0.00000 0.00000 0.00000 0.00000 0.00000 0.00000 0.00000 0.00000 0.00000 0.00000 0.00000 0.00000 0.00000 0.00000 0.00000 0.00000 0.00000 0.00000 0.00000 0.00000 0.00000 0.00000 0.00000 0.00000 0.00000 0.00000 0.00000 0.00000 0.00000
0.00000 0.00000 0.00000 0.00000 0.00000 0.00000 0.00000 0.00000 0.00000 0.00000 0.00000 0.00000 0.00000 0.00000 0.00000 0.00000 0.00000 0.00000 0.00000 0.00000 0.00000 0.00000 0.00000 0.00000 0.00000 0.00000 0.00000 0.00000 0.00000 0.00000 0.00000 0.00000 0.00000 0.00000 0.00000 0.00000 0.00000 0.00000 0.00000 0.00000 0.00000 0.00000 0.00000
0.00000 0.00000 0.00000 0.00000 0.00000 0.00000 0.00000 0.00000 0.00000 0.00000 0.00000 0.00000 0.00000 0.00000 0.00000 0.00000 0.00000 0.00000 0.00000 0.00000 0.00000 0.00000 0.00000 0.00000 0.00000 0.00000 0.00000 0.00000 0.00000 0.00000 0.00000 0.00000 0.00000 0.00000 0.00000 0.00000 0.00000 0.00000 0.00000 0.00000 0.00000 0.00000 0.00000
0.00000 0.00000 0.00000 0.00000 0.00000 0.00000 0.00000 0.00000 0.00000 0.00000 0.00000 0.00000 0.00000 0.00000 0.00000 0.00000 0.00000 0.00000 0.00000 0.00000 0.00000 0.00000 0.00000 0.00000 0.00000 0.00000 0.00000 0.00000 0.00000 0.00000 0.00000 0.00000 0.00000 0.00000 0.00000 0.00000 0.00000 0.00000 0.00000 0.00000 0.00000 0.00000 0.00000
0.00000 0.00000 0.00000 0.00000 0.00000 0.00000 0.00000 0.00000 0.00000 0.00000 0.00000 0.00000 0.00000 0.00000 0.00000 0.00000 0.00000 0.00000 0.00000 0.00000 0.00000 0.00000 0.00000 0.00000 0.00000 0.00000 0.00000 0.00000 0.00000 0.00000 0.00000 0.00000 0.00000 0.00000 0.00000 0.00000 0.00000 0.00000 0.00000 0.00000 0.00000 0.00000 0.00000
0.00000 0.00000 0.00000 0.00000 0.00000 0.00000 0.00000 0.00000 0.00000 0.00000 0.00000 0.00000 0.00000 0.00000 0.00000 0.00000 0.00000 0.00000 0.00000 0.00000 0.00000 0.00000 0.00000 0.00000 0.00000 0.00000 0.00000 0.00000 0.00000 0.00000 0.00000 0.00000 0.00000 0.00000 0.00000 0.00000 0.00000 0.00000 0.00000 0.00000 0.00000 0.00000 0.00000
0.00000 0.00000 0.00000 0.00000 0.00000 0.00000 0.00000 0.00000 0.00000 0.00000 0.00000 0.00000 0.00000 0.00000 0.00000 0.00000 0.00000 0.00000 0.00000 0.00000 0.00000 0.00000 0.00000 0.00000 0.00000 0.00000 0.00000 0.00000 0.00000 0.00000 0.00000 0.00000 0.00000 0.00000 0.00000 0.00000 0.00000 0.00000 0.00000 0.00000 0.00000 0.00000 0.00000
0.00000 0.00006 0.00005 0.00023 0.00049 0.00154 0.00300 0.00560 0.00985 0.02118 0.02110 0.03742 0.26613 0.04260 0.04340 0.04281 0.04561 0.05101 0.04568 0.05261 0.05178 0.04717 0.03530 0.03886 0.03180 0.02273 0.02177 0.01750 0.01282 0.00890 0.00916 0.00451 0.00271 0.00192 0.00076 0.00092 0.00054 0.00028 0.00004 0.00002 0.00002 0.00005 0.00008
0.00000 0.00000 0.00000 0.00000 0.00148 0.00003 0.00005 0.00456 0.00882 0.02250 0.05264 0.08064 0.09021 0.09934 0.07921 0.07846 0.09586 0.04908 0.04542 0.02454 0.03263 0.02538 0.03538 0.03644 0.01630 0.02579 0.01915 0.01987 0.00490 0.00907 0.00650 0.00640 0.00381 0.01041 0.01006 0.00252 0.00252 0.00000 0.00000 0.00000 0.00000 0.00000 0.00000
0.00000 0.00000 0.00006 0.00013 0.00000 0.00024 0.00027 0.00070 0.00071 0.00288 0.00971 0.02345 0.04457 0.05502 0.08531 0.11922 0.14756 0.14268 0.13035 0.08218 0.05262 0.03146 0.02183 0.01266 0.01073 0.00797 0.00431 0.00469 0.00271 0.00215 0.00203 0.00063 0.00076 0.00015 0.00015 0.00001 0.00008 0.00001 0.00002 0.00000 0.00000 0.00000 0.00000
0.00000 0.00000 0.00000 0.00000 0.00028 0.00000 0.00005 0.00024 0.00040 0.00069 0.00226 0.00178 0.00815 0.00838 0.02018 0.02754 0.02715 0.04284 0.07649 0.07151 0.07787 0.12023 0.11233 0.08750 0.10351 0.05782 0.06922 0.03273 0.01890 0.01308 0.01099 0.00386 0.00135 0.00115 0.00088 0.00014 0.00035 0.00006 0.00006 0.00000 0.00000 0.00000 0.00000
0.00000 0.00000 0.00007 0.00000 0.00000 0.00000 0.00007 0.00000 0.00055 0.00055 0.00144 0.00165 0.00351 0.00789 0.00452 0.00983 0.01460 0.02471 0.04045 0.08233 0.10149 0.11649 0.11181 0.07380 0.05900 0.05752 0.04811 0.04264 0.03712 0.02674 0.03158 0.02384 0.01772 0.02038 0.01297 0.00851 0.00373 0.00518 0.00741 0.00023 0.00000 0.00159 0.00000
0.00000 0.00000 0.00000 0.00000 0.00000 0.00000 0.00000 0.00013 0.00019 0.00128 0.00090 0.00199 0.00330 0.00331 0.00515 0.00808 0.00714 0.01711 0.02248 0.03444 0.04354 0.08760 0.11521 0.13505 0.11993 0.11344 0.07841 0.06357 0.04293 0.02813 0.01897 0.01878 0.00890 0.00642 0.00460 0.00274 0.00119 0.00128 0.00047 0.00000 0.00000 0.00332 0.00000
0.00000 0.00000 0.00000 0.00000 0.00022 0.00000 0.00000 0.00000 0.00000 0.00000 0.00145 0.00174 0.00076 0.00080 0.00211 0.00201 0.01518 0.01450 0.03383 0.05417 0.07189 0.11653 0.12017 0.13452 0.10443 0.10730 0.06944 0.04334 0.03590 0.01950 0.01566 0.00723 0.00739 0.00709 0.00493 0.00278 0.00250 0.00140 0.00076 0.00003 0.00022 0.00022 0.00000
0.00000 0.00000 0.00000 0.00000 0.00000 0.00000 0.00000 0.00000 0.00000 0.00000 0.00064 0.00010 0.00160 0.00176 0.00268 0.00305 0.00792 0.00948 0.02545 0.02981 0.05333 0.06970 0.08077 0.11246 0.11770 0.12400 0.11317 0.08623 0.06819 0.03071 0.02700 0.01492 0.00837 0.00420 0.00419 0.00223 0.00033 0.00000 0.00000 0.00000 0.00000 0.00000 0.00000
0.00000 0.00000 0.00000 0.00000 0.00000 0.00000 0.00000 0.00000 0.00000 0.00022 0.00065 0.00178 0.00171 0.00240 0.00231 0.00323 0.00592 0.01139 0.01944 0.03264 0.04854 0.08642 0.10022 0.13355 0.13819 0.13687 0.10279 0.07297 0.04471 0.02441 0.01372 0.00810 0.00420 0.00189 0.00112 0.00035 0.00024 0.00000 0.00000 0.00000 0.00000 0.00000 0.00000
0.00000 0.00000 0.00000 0.00000 0.00000 0.00000 0.00000 0.00000 0.00000 0.00000 0.00001 0.00057 0.00258 0.00431 0.00392 0.00476 0.01127 0.00918 0.01650 0.03355 0.05975 0.10346 0.11152 0.14243 0.12390 0.10441 0.08654 0.06999 0.04973 0.02567 0.01501 0.01146 0.00471 0.00226 0.00133 0.00017 0.00044 0.00000 0.00000 0.00057 0.00000 0.00000 0.00000
0.00000 0.00000 0.00000 0.00000 0.00000 0.00000 0.00000 0.00000 0.00000 0.00000 0.00000 0.00000 0.00000 0.00000 0.00000 0.00000 0.00000 0.00000 0.00000 0.00000 0.00000 0.00000 0.00000 0.00000 0.00000 0.00000 0.00000 0.00000 0.00000 0.00000 0.00000 0.00000 0.00000 0.00000 0.00000 0.00000 0.00000 0.00000 0.00000 0.00000 0.00000 0.00000 0.00000
0.00000 0.00000 0.00000 0.00000 0.00000 0.00000 0.00000 0.00029 0.00000 0.00029 0.00059 0.00059 0.00088 0.00029 0.00029 0.00115 0.00105 0.00159 0.00856 0.02507 0.04944 0.08685 0.12909 0.13266 0.12973 0.12377 0.10442 0.07385 0.05888 0.03437 0.01910 0.00774 0.00446 0.00178 0.00146 0.00088 0.00029 0.00059 0.00000 0.00000 0.00000 0.00000 0.00000
0.00000 0.00000 0.00000 0.00000 0.00000 0.00000 0.00000 0.00000 0.00056 0.00000 0.00099 0.00089 0.00130 0.00036 0.00108 0.00371 0.00456 0.00640 0.01526 0.02439 0.05005 0.07667 0.11929 0.16063 0.17844 0.12932 0.09294 0.05292 0.04398 0.02165 0.00932 0.00255 0.00175 0.00057 0.00002 0.00000 0.00000 0.00000 0.00000 0.00000 0.00000 0.00043 0.00000
0.00000 0.00000 0.00000 0.00000 0.00000 0.00000 0.00000 0.00000 0.00000 0.00000 0.00000 0.00000 0.00000 0.00000 0.00000 0.00829 0.00829 0.02787 0.03158 0.05539 0.10262 0.18666 0.15607 0.12016 0.11825 0.06119 0.04804 0.02769 0.02085 0.02014 0.00345 0.00247 0.00049 0.00049 0.00000 0.00000 0.00000 0.00000 0.00000 0.00000 0.00000 0.00000 0.00000
0.00000 0.00000 0.00000 0.00000 0.00000 0.00000 0.00007 0.00000 0.00007 0.00020 0.00007 0.00045 0.00130 0.00098 0.00164 0.00137 0.00150 0.00569 0.01601 0.02846 0.04778 0.06726 0.10508 0.11763 0.13568 0.12296 0.11794 0.08932 0.05226 0.03959 0.01835 0.01395 0.00604 0.00360 0.00365 0.00050 0.00000 0.00011 0.00042 0.00001 0.00006 0.00000 0.00000
0.00000 0.00000 0.00000 0.00000 0.00000 0.00000 0.00000 0.00002 0.00015 0.00030 0.00147 0.00087 0.00196 0.00281 0.00512 0.00849 0.01407 0.02412 0.04110 0.06127 0.05600 0.06465 0.06903 0.07591 0.09993 0.09435 0.10362 0.09449 0.07335 0.04737 0.03301 0.01328 0.00603 0.00147 0.00132 0.00287 0.00038 0.00047 0.00006 0.00060 0.00000 0.00000 0.00006
0.00000 0.00000 0.00000 0.00000 0.00000 0.00000 0.00000 0.00000 0.00001 0.00033 0.00161 0.00148 0.00286 0.00278 0.00832 0.01007 0.02292 0.04441 0.04469 0.07032 0.08176 0.07611 0.07651 0.08242 0.07299 0.07894 0.08204 0.06915 0.06524 0.04565 0.02880 0.01563 0.00800 0.00443 0.00100 0.00043 0.00106 0.00002 0.00000 0.00000 0.00001 0.00000 0.00000
0.00000 0.00000 0.00000 0.00000 0.00000 0.00000 0.00000 0.00000 0.00000 0.00012 0.00139 0.00158 0.00291 0.00571 0.00992 0.01166 0.01483 0.02238 0.03343 0.03919 0.06770 0.07788 0.07995 0.08880 0.08539 0.08095 0.08532 0.08159 0.07555 0.05497 0.03694 0.02556 0.00925 0.00272 0.00231 0.00102 0.00022 0.00075 0.00000 0.00000 0.00000 0.00000 0.00000
0.00000 0.00000 0.00000 0.00000 0.00000 0.00000 0.00000 0.00000 0.00000 0.00010 0.00010 0.00038 0.00019 0.00024 0.00299 0.00722 0.00933 0.02110 0.04660 0.06383 0.10549 0.13212 0.13898 0.11792 0.09305 0.06120 0.04549 0.03488 0.02535 0.02897 0.02589 0.01943 0.00860 0.00566 0.00247 0.00131 0.00026 0.00048 0.00000 0.00039 0.00000 0.00000 0.00000
0.00000 0.00000 0.00000 0.00000 0.00000 0.00000 0.00000 0.00000 0.00000 0.00000 0.00012 0.00000 0.00038 0.00038 0.00318 0.00644 0.01284 0.01692 0.02976 0.04861 0.08218 0.11063 0.12096 0.12575 0.10645 0.07759 0.05642 0.05001 0.04289 0.04076 0.02910 0.01960 0.00943 0.00661 0.00121 0.00116 0.00019 0.00021 0.00021 0.00000 0.00000 0.00000 0.00000
0.00000 0.00000 0.00000 0.00000 0.00000 0.00000 0.00000 0.00000 0.00000 0.00000 0.00000 0.00000 0.00000 0.00000 0.00000 0.00000 0.00000 0.00000 0.00000 0.00000 0.00000 0.00000 0.00000 0.00000 0.00000 0.00000 0.00000 0.00000 0.00000 0.00000 0.00000 0.00000 0.00000 0.00000 0.00000 0.00000 0.00000 0.00000 0.00000 0.00000 0.00000 0.00000 0.00000

# Msex 
 0.0000 0.0000  0.0000  0.0000  0.0001  0.0001  0.0003  0.0006  0.0012  0.0027  0.0059  0.0129  0.0279  0.0595  0.1222  0.2345  0.4027  0.5973  0.7655  0.8778  0.9405  0.9721  0.9871  0.9941  0.9973  0.9988  0.9994  0.9997  0.9999  0.9999  1.0000  1.0000  1.0000  1.0000  1.0000  1.0000  1.0000  1.0000  1.0000  1.0000  1.0000  1.0000  1.0000

# Wt_m 
 0.663  0.887   1.155   1.473   1.846   2.277   2.770   3.331   3.964   4.672   5.460   6.334   7.296   8.352   9.506   10.763  12.126  13.601  15.191  16.902  18.737  20.702  22.800  25.037  27.416  29.942  32.620  35.455  38.450  41.610  44.940  48.444  52.128  55.994  60.049  64.296  68.740  73.386  78.237  83.300  88.578  94.076  99.798

# Wt_h 
 0.525  0.710   0.934   1.202   1.518   1.887   2.313   2.801   3.354   3.977   4.675   5.453   6.315   7.265   8.308   9.450   10.694  12.046  13.509  15.090  16.793  18.622  20.583  22.681  24.920  27.305  29.842  32.535  35.389  38.410  41.603  44.972  48.522  52.260  56.189  60.316  64.645  69.181  73.930  78.897  84.087  89.505  95.157

# cv_Rt_No_Rm 
 0.6 0.6 0.2 

# dt_des_cpue_cru 
 0.67 0.5 0.5 

# Param 
52.8 0.151 19 0.1 0.3
45.6 0.174 19 0.1 0.3
0.1 0.1 0.1 0.1 0.1

# h 
 1 

# q_crucv 
 1 1000.05 

# L50m 
 4 2

# L50h 
 4 2 

# Lcrum 
 4 2

# Lcruh 
 4.5 2 

# nbloq_flo 
 1 1985 

# nbloq_cru 
 1 1985

# nbloq_qcpue 
 1 1985 

# nbloq_qcru 
 2 1985 2004 

# Fasq_flocru 
 4 4

# FasS_flocru 
 3 3

# Fas_par 
 -4 4 -4 

# Fas_F 
 3 

# dev_R 
 2 

# dev_No 
 1 

# Fas_pRm 
 -6 

# Fas_Fpbr 
 6 

# npbr 
 4 

# Tasa_bdpr 
 0.3 0.4 0.45 0.48 

# yr_proy 
 2 

# pR 
 1 

# opt_sim 
 1 

