# Number of parameters = 148 Objective function value = 16054.7808100875  Maximum gradient component = 0.000140869143458601
# log_L50flom:
 1.95233110912791
# log_sdL50flomL:
 0.909116585609263
# log_L50floh:
 1.37608224433291
# log_sdL50flohL:
 -0.100311558468356
# log_L50crum:
 2.07609865292774
# log_sdL50crumL:
 1.20390672171893
# log_L50cruh:
 1.09995818018377
# log_sdL50cruhL:
 -4.25288600679292
# log_Ro:
5.09038759118
# log_propmR:
-0.693140000000
# log_dev_Ro:
 0.0661582014393 0.0477667804864 -0.0448147405055 0.0668398979589 -0.168024445774 1.32378698889 0.428013881690 -0.629168825990 -1.52979603732 -1.78153627261 -1.29083160713 -0.667633800319 0.210334798648 0.635155441890 0.715322389030 0.451378556566 0.106282647080 1.18888302388 0.296188271526 0.119501631895 0.307344971486 -0.0349897349241 0.866853998020 -1.27505841686 -0.325547240673 0.407983589006 -0.0248608097195 0.209266539129 0.0531643363868 0.206676478564 -0.378621312318 -0.766559895514 1.57757112988 0.0965517561112 -0.328376639769 -0.135205530136
# log_dev_Nom:
 -0.268357093884 -0.302434614127 -0.210156174062 0.126570547428 1.62566675166 0.817772854637 0.852120776873 0.414034191813 0.169906391418 0.0648131243131 0.0131082632934
# log_dev_Noh:
 -0.530386997776 -0.923026835612 -1.05685342085 -1.08292556165 -1.00525551340 -0.877364272151 -0.746686739224 -0.617924892627 -0.492266970734 -0.378889518456 -0.458863723382
# log_Fm:
 -0.296651289051 -0.219431359406 -0.0415031640662 0.398800569259 0.849657270116 0.473259184135 0.999999893833 -0.417463449881 -1.37682882707 -1.83682445989 -2.28315138690 -3.95084619013 -0.412207757311 0.393414612788 0.999999998729 0.999999994651 -3.26578056340 -1.25772261577 -2.22034100566 -2.96478322690 -3.08676382920 -1.38203355038 -1.28438882654 -0.360020842740 -0.226880408138 -0.411117639931 0.0467143466116 -0.413477629084 -0.874532531753 -1.17382418396 -0.591617786353 -0.390758660922 -0.311507095724 -0.283589766311 -0.100003033932 0.140546287226
# log_Fh:
 -2.17905580102 -2.46333080246 -2.46946588595 -2.48134665407 -3.21625553534 -3.16298966531 -0.946521832352 -1.86621126141 -1.47147221220 -1.62507245096 -1.34464461653 -5.50132224564 -0.887084545466 -0.357797463918 -0.546465728393 -1.01511256640 -6.54849207312 -4.67548159143 -5.19335326300 -5.66224041295 -5.52930345240 -2.91844723858 -2.94351829585 -2.36541939117 -2.45574436425 -0.00651211949564 -2.23061007463 -2.29463311417 -2.54573957059 -2.32020709707 -2.10840922186 -2.59275790067 -2.36589498519 -2.20882805735 -1.95281623487 -1.82840496422
# log_qflo:
 -8.62971907823
# log_qcru:
 0.501366305515 0.783314892075
# log_Lom:
2.94443897917
# log_cv_edadm:
-2.34186285029
# log_Loh:
2.94443897917
# log_cv_edadh:
-2.41188405105
# log_Mh:
-1.20397280433
# log_Mm:
-1.20397280433
# log_Fref:
 -0.714255190831 -1.12862711995 -1.32133794758 -1.43525151328
