# Number of parameters = 148 Objective function value = 15940.9826963255  Maximum gradient component = 4.18282504755764e-05
# log_L50flom:
 1.94886403435711
# log_sdL50flomL:
 0.919022639819310
# log_L50floh:
 1.42632573760503
# log_sdL50flohL:
 0.225587746514284
# log_L50crum:
 2.14672502387796
# log_sdL50crumL:
 1.25767436223487
# log_L50cruh:
 1.47579435370625
# log_sdL50cruhL:
 0.771967415289655
# log_Ro:
5.10248428332
# log_propmR:
-0.693140000000
# log_dev_Ro:
 0.0242019547001 -0.0622798519402 -0.0155070743006 -0.0117660903806 -0.0928322646993 1.34576374534 -0.0543425841297 -0.437363134866 -1.35483192568 -1.68937654866 -1.43773924614 -0.679103097123 -0.278109893928 0.530453754520 0.574226082385 0.688683746515 0.0667490163626 0.817289695245 0.551830321803 0.238881913628 0.313427125579 0.263181403155 0.452481897989 -0.518629705347 0.175939365063 -0.253313110948 0.105363563222 0.00649474024971 0.210542656097 -0.0632206581734 -0.299216123671 -0.492011266312 0.700667518358 1.28251714015 -0.467801197606 -0.141251866463
# log_dev_Nom:
 -0.293582161709 -0.331493858164 -0.211645243444 0.162643667696 1.61841966121 0.670331507115 0.678137363659 0.367657775704 0.149146909697 0.0549160202368 0.00978414329986
# log_dev_Noh:
 -0.460548114274 -0.932828956944 -1.09014525094 -1.11895169500 -1.03466422956 -0.887430439178 -0.733028974527 -0.585090588622 -0.446893948232 -0.327526425074 -0.342275632032
# log_Fm:
 -0.224988167695 -0.137539361324 0.0333579934443 0.487504635722 0.999999785654 0.600950030025 0.999999908089 -0.415702867886 -1.39951092183 -1.97449965346 -2.49414387313 -4.02903646876 -0.427834240593 0.375561719540 0.999999998797 0.999999996468 -3.25101106485 -1.25402044848 -2.20068378111 -2.90457091755 -3.03205751450 -1.26339215345 -1.17981467191 -0.240065859738 -0.100584754969 -0.566011730255 0.0583960702109 -0.383251980699 -0.844623286875 -1.12894824791 -0.545521145926 -0.370195890346 -0.254625322213 -0.188039971952 0.0156551495933 0.299159797407
# log_Fh:
 -1.77743800995 -2.14076696656 -2.14921586200 -2.16461229107 -2.86763997990 -2.86270361614 -0.674109421242 -1.61779213052 -1.29207629273 -1.37429580028 -1.09323799823 -5.12159016341 -0.729844804428 -0.233223941756 -0.363907755057 -0.784882114553 -6.01709266974 -3.90111687858 -4.49599251009 -5.10223271392 -5.05355749690 -2.68740466593 -2.72390104240 -2.23277151152 -2.38469478809 0.363043859806 -1.77609317929 -1.91348504695 -2.37884819508 -2.12104225994 -1.86107862440 -2.39120426875 -2.21220855606 -2.05095581977 -1.79084958984 -1.68162622616
# log_qflo:
 -8.46874409861
# log_qcru:
 1.19744496478 1.19008759490
# log_Lom:
2.94443897917
# log_cv_edadm:
-2.36605087898
# log_Loh:
2.94443897917
# log_cv_edadh:
-2.78466359935
# log_Mh:
-1.20397280433
# log_Mm:
-1.20397280433
# log_Fref:
 0.00976916340210 -0.612127282895 -0.867703452094 -2.95492858865
