# Number of parameters = 168 Objective function value = 28981.0909956570  Maximum gradient component = 0.000112652499562952
# log_L50flom:
 3.75229694900218
# log_sdL50flomL:
 1.76644329389814
# log_sdL50flomR:
 4.60522166992546
# log_L50floh:
 3.52447787433435
# log_sdL50flohL:
 1.44079159203160
# log_sdL50flohR:
 4.60515014407949
# log_L50cruh:
 3.29601984281920
# log_sdL50cruhL:
 0.510027969492480
# log_sdL50cruhR:
 6.90774798596118
# log_L50crum:
 3.81036002791001
# log_sdL50crumL:
 2.16990003893023
# log_sdL50crumR:
 6.90775511026821
# log_Ro:
5.59408050312
# log_propmR:
-0.693140000000
# log_dev_Ro:
 -0.776404894785 -0.543851088590 -0.416481797734 -0.313719680474 -0.0888205165752 0.760543979445 0.450362474573 -0.121480514520 -0.203790179636 1.73706762014 0.0408935639474 1.00419672714 0.580838611856 -0.398705260698 -0.202623783885 -0.411709681115 -0.197200649876 -0.756633873804 0.0916119088487 0.606340167107 0.794304189200 0.790953901438 0.794077707333 0.709468974717 0.397270441769 0.824215715991 0.597272487490 -0.273891547151 0.883597869032 0.0720117967097 -0.188004031524 0.369799008087 -0.149610032363 -0.767935364081 -0.819658424783 -0.734493822583 -0.392149500176 -0.830757461556 -0.921746966029 -0.779910327212 -0.921098750715 -0.294148994959
# log_dev_Nom:
 -0.516265373540 -0.683642899906 -0.774599290956 -0.794934703850 -0.766200301663 -0.706885244250 -0.631036339730 -0.540268982267 -0.441701593705 -0.356369105592 -0.594627160908
# log_dev_Noh:
 -0.606413710718 -0.696755398541 -0.702912328134 -0.668603490050 -0.611205969864 -0.538210349519 -0.458875357577 -0.377078457108 -0.297936422883 -0.231286658965 -0.358452777115
# log_Fm:
 -19.4265192590 -18.3908352679 -17.7095642866 -17.6299653692 -18.0967207659 -1.47071065423 -0.561810802272 -2.06173538500 -1.10710045302 -0.200000134889 -0.457854933438 -0.534126073785 -0.573779887340 -18.9043963335 -2.11760497313 -1.32856017710 -1.24314372693 -0.801589040851 -0.501990101073 -0.326441827030 -0.200000001467 -0.200000000680 -0.200000007313 -1.53572660343 -0.942200448449 -1.56994323865 -1.15810736458 -1.22991415732 -1.35313169209 -1.37126929481 -1.49286758695 -1.50411705116 -1.75392882442 -1.41177045900 -1.73680671515 -1.84318785900 -1.42102706836 -1.36592876798 -1.33569357251 -1.22705636715 -1.21804437713 -1.15932106087
# log_Fh:
 -3.14580481859 -2.07174207717 -10.3898104804 -3.95149515591 -2.74797857943 -15.8800023034 -17.2378245154 -0.200003583557 -0.200003987520 -0.899690022899 -17.9634978981 -0.200000121633 -0.200000008188 -0.200000003630 -2.24722535800 -1.23898961491 -1.49909181206 -1.24764922673 -0.857653903050 -0.200000108573 -0.970235746281 -1.58474527141 -0.879256799638 -2.45755123005 -1.72281957186 -2.07168049169 -1.83356378431 -2.07058203772 -2.04548754781 -2.05010713819 -1.94483609044 -1.96412622303 -1.83341829836 -2.28147449224 -2.56739484451 -2.63284461935 -1.90177786157 -2.17820457651 -2.06876897812 -2.31367979068 -2.43503493766 -2.03907057284
# log_qflo:
 -9.24430895475
# log_qcru:
 -0.0833414936659 -0.127987166681
# log_Lom:
2.89037175790
# log_cv_edadm:
-2.30258509299
# log_Loh:
2.77258872224
# log_cv_edadh:
-2.30258509299
# log_Mh:
-1.20397280433
# log_Mm:
-1.20397280433
# log_Fref:
 -0.145899991140 -0.670984908610 -0.902253334657 -1.03590247961
