# Number of parameters = 140 Objective function value = 28793.3086145451  Maximum gradient component = 3.19519554149911e-05
# log_L50flom:
 1.86889735929385
# log_sdL50flomL:
 0.900477965284246
# log_L50floh:
 1.56481852976887
# log_sdL50flohL:
 0.655017351131355
# log_L50cruh:
 1.22009243210797
# log_sdL50cruhL:
 0.162004707039144
# log_L50crum:
 1.83560462644962
# log_sdL50crumL:
 1.17196767241548
# log_Ro:
5.46724687631
# log_propmR:
-0.693140000000
# log_dev_Ro:
 -0.138095408864 1.03581015649 0.355461490556 1.54719877792 -0.219832588764 0.0121401156079 0.329972668568 -0.0133996891237 -0.280664874571 -0.908465678251 -0.0662034822057 0.449441936330 0.658309143062 0.497125633986 0.779176108174 0.379072902038 0.467312549566 0.578909042058 0.513126436346 -0.232517635757 0.618179574114 -0.0936145338119 -0.119267670134 0.208183963526 -0.264604172490 -0.826807518828 -0.778382453062 -0.741642324037 -0.476798733461 -0.801064180616 -0.675810263299 -0.663177565060 -1.10142998045 -0.0276417455554
# log_dev_Nom:
 -0.475378209261 -0.111625286353 1.61852508735 0.321704629545 0.290501557916 0.168452878136 0.0438972023192 0.00642939584829 0.000555750141174 3.62584359657e-05 1.47022101160e-07
# log_dev_Noh:
 0.121027789369 -0.0334366498244 -0.353477468575 -0.538184550839 -0.573701987438 -0.493017021406 -0.365557929312 -0.248374072880 -0.158828452327 -0.0961026548488 -0.0632662818952
# log_Fm:
 0.975482108243 0.999999983231 -0.100680552351 0.600948468188 -0.724537153151 0.363698974235 -0.701044793479 -0.0551318259521 -0.221738436416 -0.0496616418916 0.124301210090 0.411932074073 0.960506585284 0.999999998210 0.999999988272 -0.150391655305 0.379620019496 -0.381222763801 -9.38118902187e-05 -0.125956038703 -0.280280903799 -0.358714336902 -0.478955410959 -0.501388083697 -0.800999142252 -0.455594324379 -0.786193297055 -0.952369270754 -0.565895430605 -0.550366282266 -0.549301131515 -0.416486809410 -0.371084231324 -0.264024645258
# log_Fh:
 -1.12767934867 -1.12912478526 -1.12992572257 -1.13000237264 0.999999979788 -1.12902116281 -1.59682962904 -0.681511513314 -1.18593147072 -1.07450214446 -0.782879594045 0.617421724390 -0.0253233376650 -0.704048216839 0.0766939566556 -1.50730309909 -0.866756994816 -1.32688690699 -1.07273648125 -1.38026938821 -1.36203106686 -1.40729963319 -1.30675338269 -1.31202255299 -1.14973111097 -1.64231564740 -1.95529051337 -2.04883897836 -1.34383177915 -1.69740482431 -1.58507793061 -1.83759381173 -2.00549294932 -1.62049804221
# log_qflo:
 -8.42962155381
# log_qcru:
 0.693329598546 0.525984092244
# log_Lom:
2.89037175790
# log_cv_edadm:
-2.30258509299
# log_Loh:
2.77258872224
# log_cv_edadh:
-2.30258509299
# log_Mh:
-1.20397280433
# log_Mm:
-1.20397280433
# log_Fref:
 0.203516074905 -0.419544031778 -0.683357075020 -0.833091394263
