# Number of parameters = 142 Objective function value = 2666.75861500648  Maximum gradient component = 4.70340065654262e-06
# log_L50flom:
 1.82208480051062
# log_sdL50flomL:
 1.07632951316292
# log_L50floh:
 1.90775696398592
# log_sdL50flohL:
 1.18760495935558
# log_L50cruh:
 0.932757925648858
# log_sdL50cruhL:
 -0.0900061967313830
# log_L50crum:
 1.47958748791256
# log_sdL50crumL:
 1.07506656535962
# log_Ro:
4.48034173649
# log_propmR:
-0.693140000000
# log_dev_Ro:
 -0.353919693360 -0.124608239125 0.358769620876 1.31493597880 1.02134706967 0.343299393057 0.214395599535 0.716221384459 0.165904036465 -0.360083662027 -0.135087530917 0.381425475632 0.646386035397 0.606146461849 0.830198000173 0.380383111927 -0.0158518689847 0.427186908686 0.212943024513 -0.0531657396215 -0.229950137519 -0.250983355792 -0.564462367593 -0.173699931300 -0.0383479671325 -0.481286033760 -0.636584374881 -1.01694479963 -0.979062924093 -0.840089588578 -0.846724044222 -0.487640184597 -0.146619181975 0.115569524066
# log_dev_Nom:
 0.402484834749 1.25034715165 0.347718230436 -0.0228820298199 -0.0623016741768 0.0366631291878 0.0637412491228 0.0355437753642 0.0131847602665 0.00422155073768 0.000430908279457
# log_dev_Noh:
 -0.373663171020 0.137512599217 1.34634813383 0.318018623678 0.144021397103 0.129964673549 0.0967607111356 0.0439840713124 0.0137097000753 0.00338602657227 0.000169085600742
# log_Fm:
 0.185216981677 0.375808742986 -0.249482707669 0.126266855684 -0.0137538044521 -0.211003015120 -1.04581253942 -0.150204626006 -0.0811689010775 0.203911472258 0.314471502952 0.246823203019 0.643441566333 0.999999994026 0.617584094935 -0.618967567944 -0.00819135113825 -0.685717046092 -0.327167766382 -0.395759366373 -0.590100810057 -0.617212849664 -0.698374527642 -0.660377131177 -0.921844857438 -0.511993731146 -0.784282719833 -0.847574054082 -0.450021139832 -0.458700699248 -0.458689861133 -0.409339131475 -0.369329029784 -0.238856875223
# log_Fh:
 0.419824473146 0.568513016299 -0.0190806625214 0.548572558473 0.773084511848 0.996676174458 0.0710596748214 0.999999933990 0.642309621052 0.653295248896 0.793196599497 0.999999955198 0.756707522470 0.400772605842 0.674843083482 -0.613707416582 0.192530461735 -0.160534925194 0.0416118567342 -0.194821915908 -0.247084693148 -0.237179149113 -0.0498733036812 0.0855415057777 0.382587857058 0.0967218682753 -0.198250054073 -0.285149501265 0.437358310120 0.0762999219790 0.115195415317 -0.211883113685 -0.377954594215 0.0275293451059
# log_qflo:
 -8.00766858171
# log_qcru:
 0.310548146913 0.600152676045
# log_Lom:
2.89037175790
# log_cv_edadm:
-2.36433609531
# log_Loh:
2.89037175790
# log_cv_edadh:
-2.38646108207
# log_Mh:
-1.77195684193
# log_Mm:
-2.04022082853
# log_Fref:
 0.114283038263 -0.550488479313 -0.848744849472 -1.01941911239
