# Number of parameters = 168 Objective function value = 27743.0947941010  Maximum gradient component = 234.912492598533
# log_L50flom:
 3.76090640869014
# log_sdL50flomL:
 1.63952932980123
# log_sdL50flomR:
 3.56045003930743
# log_L50floh:
 3.36729586355769
# log_sdL50flohL:
 -15.5927929105341
# log_sdL50flohR:
 3.51730471036138
# log_L50cruh:
 3.48443924197026
# log_sdL50cruhL:
 1.20881995302660
# log_sdL50cruhR:
 3.53895871017807
# log_L50crum:
 3.89655687007701
# log_sdL50crumL:
 2.14968383255519
# log_sdL50crumR:
 3.55526614358926
# log_Ro:
5.45408345549
# log_propmR:
-0.693140000000
# log_dev_Ro:
 0.728531165208 -0.0767544349726 -0.202839335350 -0.147650996470 -0.0761071328840 0.0632071967163 0.617299056721 0.373760216549 -0.0267167252915 -0.0607546850395 0.223814986783 0.856874138793 -0.266248303041 -1.00751779811 -1.44930651907 -1.63122912786 -1.34185624516 -0.608585882784 0.493424618725 0.593575949085 1.46279896636 -0.00381604479034 0.0750397860849 0.780242230118 0.773700596126 0.0895902016280 0.150260867630 0.0502984858285 1.09111184325 -0.715021875730 -0.0289130005759 -0.126558834613 -0.458027014644 0.104592810302 -0.0935397258775 -0.392228400785 -0.792768636513 -0.912711880121 0.588128490344 1.48070143219 -0.254741890138 0.0769414513731
# log_dev_Nom:
 0.283466608703 0.431715041666 0.338395016447 0.235292449681 0.171380876665 0.129564638594 0.0991563430325 0.0713995147211 0.0542831868425 0.0396125905257 0.0880215135921
# log_dev_Noh:
 0.387048224817 0.202765452070 0.149799355689 0.129475185127 0.109655375020 0.0878195087402 0.0674648881591 0.0491870310820 0.0362185625715 0.0258994443384 0.0440263458682
# log_Fm:
 -15.1684559170 -16.0964878278 -0.306419626529 -0.200000197639 -0.200000059083 -0.672547347466 -0.319730451612 -16.4161367065 -0.840610303628 -0.481994506601 -5.03303235850 -19.9207375166 -2.76731537054 -19.9922322894 -17.6720762781 -19.8986990653 -2.40893834291 -4.71382803372 -1.01981191231 -0.200000007028 -0.200000001626 -0.878376725566 -18.5911272309 -19.2229588956 -18.0202481553 -19.9997410239 -11.8612649139 -2.57306616172 -2.43286198103 -1.59946654341 -1.50127608925 -1.82615176376 -1.47050347155 -2.01732349095 -2.28924746771 -2.41023256714 -1.68645886380 -1.49574530742 -1.37289956521 -1.30036620536 -1.09063722878 -0.859911703086
# log_Fh:
 -2.82740538748 -1.43410103932 -0.200009646184 -0.583691283566 -0.200000112246 -17.2265224517 -10.3994052363 -0.222640541696 -0.200000470112 -0.200000103571 -0.200000335683 -1.00961315595 -0.200000069917 -1.06747908017 -1.23485267956 -1.36744644404 -1.83976406006 -19.9872634054 -0.828880972915 -0.417382152386 -0.951065924584 -1.74108277773 -5.54010809593 -3.41887312155 -4.13118441778 -4.50422072610 -4.26283673189 -3.31977353699 -3.32915380146 -2.87816429202 -2.96142694740 -1.96601927235 -3.23061917124 -3.21972476785 -3.39389355294 -2.93504805470 -2.47941712006 -2.87664724621 -2.59088897365 -2.36414374518 -2.10099943687 -2.07292249171
# log_qflo:
 -9.34664941000
# log_qcru:
 -0.206737450064 0.107604504470
# log_Lom:
2.95854948243
# log_cv_edadm:
-2.30258509299
# log_Loh:
2.93332481343
# log_cv_edadh:
-2.30258509299
# log_Mh:
-1.20397280433
# log_Mm:
-1.20397280433
# log_Fref:
 -0.124094696919 -0.677718677848 -0.914494501388 -1.05006989275
