# Number of parameters = 164 Objective function value = 32198.3476113572  Maximum gradient component = 3900.18052614491
# log_L50flom:
 1.69592377149808
# log_sdL50flomL:
 0.707264173524683
# log_L50floh:
 1.75181469938567
# log_sdL50flohL:
 0.986927780832727
# log_L50cruh:
 1.78695243120643
# log_sdL50cruhL:
 -3.91870618263464
# log_L50crum:
 1.86229250576020
# log_sdL50crumL:
 1.38391169073196
# log_Ro:
5.44261671671
# log_propmR:
-0.693140000000
# log_dev_Ro:
 -0.279343886673 0.125106038971 0.894411880807 1.07944478784 0.485028998595 -1.63128191203 0.153453653402 0.119588184547 0.320806422695 2.55390986377 0.420041297283 0.329968561561 -1.34151199336 0.392144458716 -4.93940368546 0.334777606685 -0.350650536771 -0.282845361351 0.194411489259 0.647764252161 1.51186514971 -0.224308007603 0.462293454196 1.04843075794 0.857356373676 -0.288573617814 0.732173158260 0.309178329011 0.960904300905 0.0442161813279 0.468834546560 0.353523685383 0.758511934597 -1.31085250814 -8.25054903919 0.678800204566 -0.606033895254 -0.498053737354 0.385759376239 0.744381500337 -0.195023174330 2.83134490633
# log_dev_Nom:
 2.09111863525 -0.949055139962 -1.12727116564 -1.12670573226 -0.984485865836 -0.899942795843 -0.697868969441 -1.15195111954 1.87784052213 -0.0140424111478 -0.738291463401
# log_dev_Noh:
 -1.64195407648 -1.37681841128 -0.356040504480 0.248160972746 -0.706013888203 -0.607011173898 -0.129174096121 0.645386978807 0.213484851081 -0.243197430349 -1.13170699611
# log_Fm:
 -17.6012455015 -14.7508134154 -11.3240131072 -4.94785699530 -18.7628055225 -2.54276938010 -1.86573147012 -0.464563982985 -0.932632494643 -0.309843498958 -0.306603169305 -0.205924788750 -0.215947189383 -0.425121708887 -2.78646765756 -1.86332406334 -2.16440372864 -0.984131847473 -10.5776123508 -0.227127093035 -0.203166301119 -0.200140087200 -0.256877378780 -1.14699594967 -1.01250284022 -1.70056842614 -1.47394659089 -1.39914340314 -1.49163468959 -1.15958404439 -1.73364204177 -1.21623905997 -2.02629877056 -1.32907908777 -1.75858507656 -1.79060189844 -1.52143028738 -1.76269634170 -1.59264702357 -1.11732817559 -1.47949788483 -1.84711939441
# log_Fh:
 -2.65964948973 -2.40106044121 -10.4312258703 -17.5585850658 -2.51613401065 -17.0654938833 -11.9954593510 -0.255194770992 -6.85805996504 -18.0073678806 -19.1109212045 -0.208550295719 -0.206392767553 -0.212028732181 -2.58347581170 -1.96046091326 -2.39736155209 -1.64082119621 -0.200000079700 -0.200000738522 -0.540056774805 -1.45195341002 -0.379786683119 -1.38687368054 -1.18908224039 -1.40719070484 -1.43348789156 -1.54239087166 -1.50709592953 -0.201488125642 -0.253739126467 -0.303123998502 -0.201779504591 -1.21753874612 -1.68299763754 -1.68181859825 -1.07858938821 -1.90415971941 -1.68061365936 -1.37066687994 -1.97237425095 -2.16390288603
# log_qflo:
 -8.78616311652
# log_qcru:
 1.03817365962 -0.0974705645930
# log_Lom:
2.89037175790
# log_cv_edadm:
-2.30258509299
# log_Loh:
2.77258872224
# log_cv_edadh:
-2.30258509299
# log_Mh:
-1.20397280433
# log_Mm:
-1.20397280433
# log_Fref:
 1.21521082665 0.431350509942 0.0335759941304 -0.206123613983
