# Number of parameters = 142 Objective function value = 2649.23082761065  Maximum gradient component = 6.66339998681980e-06
# log_L50flom:
 1.80464153580345
# log_sdL50flomL:
 0.892594797271480
# log_L50floh:
 1.38847059904311
# log_sdL50flohL:
 0.744347592661100
# log_L50cruh:
 0.897196703369693
# log_sdL50cruhL:
 -0.112829908327684
# log_L50crum:
 1.50271152741468
# log_sdL50crumL:
 0.892531487866636
# log_Ro:
5.69957793318
# log_propmR:
-0.693140000000
# log_dev_Ro:
 -0.0846333582316 0.223082465911 0.525498771679 0.894088641540 0.678545353855 0.188361899339 0.0251193152268 -0.0170947989391 -0.231508732370 -0.503247968460 -0.180720487556 0.255863174383 0.715503820003 0.797091916672 1.06141544111 0.711862959160 0.0738856757886 0.558133950695 0.234635569127 0.0315171143764 -0.152015370003 -0.0347195730494 -0.519161476014 -0.211693956147 -0.122851408635 -0.518407537875 -0.438224196282 -0.785644742262 -0.768069521671 -0.732169551245 -0.840851626267 -0.569614682534 -0.229046472827 -0.0349306084950
# log_dev_Nom:
 0.0183690989486 0.315225443406 1.60603863892 0.286328026922 0.172515530426 0.183797754502 0.143668730228 0.0800113624722 0.0378337238413 0.0175225047762 0.00538289332352
# log_dev_Noh:
 -0.180471335417 -0.376872015987 -0.549662810696 -0.626536925194 -0.600185552510 -0.507562808170 -0.399117198101 -0.299136306608 -0.215731689529 -0.149170823330 -0.149887060011
# log_Fm:
 -0.547453315347 -0.329677241377 -2.01223745061 -0.544476868261 -0.576234639217 -1.40932576724 -1.84288232512 -0.866194427898 -0.686726540277 -0.229827064470 -0.0146223996107 -0.0600178067210 0.449409532566 0.999999994325 0.446464929042 -0.924384863112 -0.417519940253 -1.15207161597 -0.916661993801 -1.10871489084 -1.35362282739 -1.40619077640 -1.50315405092 -1.47108577674 -1.66487441724 -1.23802409624 -1.47570513935 -1.50275771889 -1.03269158276 -0.945767848427 -0.917697288840 -0.854089606769 -0.850541576131 -0.813769960117
# log_Fh:
 -1.67897764440 -1.88716477482 -0.714487256201 -1.96106279664 -1.95833176901 -0.990506541529 -2.51929907887 -1.60789759682 -1.80490645604 -1.57104119209 -1.37881780288 -1.33187340550 -1.53260320521 -1.68159758942 -1.56445661974 -2.88468455127 -2.14013578919 -2.48167634454 -2.30382918839 -2.50668792948 -2.45348857496 -2.39888548336 -2.26250322716 -2.21292181026 -1.99872757767 -2.35582419397 -2.59148267391 -2.60966058535 -1.92561752051 -2.21526101278 -2.11696127021 -2.36195242924 -2.46120272634 -2.11632015301
# log_qflo:
 -9.28320648386
# log_qcru:
 -0.461945086157 -0.298524154648
# log_Lom:
2.89037175790
# log_cv_edadm:
-2.35766986462
# log_Loh:
2.89037175790
# log_cv_edadh:
-2.49183767147
# log_Mh:
-1.20397280433
# log_Mm:
-1.20397280433
# log_Fref:
 -0.305150085800 -0.775113243370 -0.990088536067 -1.11598218883
