# Number of parameters = 142 Objective function value = 2652.34420412904  Maximum gradient component = 8.38124114845749e-06
# log_L50flom:
 1.84390939790413
# log_sdL50flomL:
 0.780232048298841
# log_L50floh:
 2.06299223066932
# log_sdL50flohL:
 1.27868437698649
# log_L50cruh:
 0.954472805303690
# log_sdL50cruhL:
 -0.0900234580867965
# log_L50crum:
 1.69999982706803
# log_sdL50crumL:
 0.978523064646053
# log_Ro:
5.43952990762
# log_propmR:
-0.693140000000
# log_dev_Ro:
 -0.348471545757 -0.0152434226016 0.493956981654 1.09513024204 0.598012087806 0.0898507524824 -0.169051723514 0.0540307470670 0.00142534216147 -0.583141198477 -0.279198523726 0.423944601703 0.789300577555 0.584614258646 1.23510664522 0.814063298398 0.0366609299521 0.767671562577 0.791863668356 0.411729218013 -0.00772097136159 -0.158903744006 -0.585756036718 0.0243019148896 -0.101143215840 -0.607362293398 -0.578684629742 -1.11809196423 -1.08529047395 -0.898866825641 -0.932028962528 -0.520333642665 -0.211112799578 -0.0112608547906
# log_dev_Nom:
 0.779745201598 0.743960398066 0.0165711629585 -0.308198812007 -0.445961041175 -0.361746854825 -0.182059844069 -0.0516651742163 -0.0101517039627 -0.00172009235900 -4.70462672499e-05
# log_dev_Noh:
 -0.331505440164 0.0435764861971 0.591651686144 0.264471633308 -0.139158798871 -0.319670924825 -0.321821967513 -0.217250365525 -0.0989584560064 -0.0309918086923 -0.00193725352865
# log_Fm:
 0.482596522410 0.460150871665 0.254756171855 0.167316690774 -0.00895823792021 0.182061707645 -0.305442481928 0.332162069554 0.307361841609 0.273390191393 0.188886904399 0.624801676251 0.999999992227 0.999999989930 0.999999989593 0.342571526551 0.791286043871 -0.271326733449 0.399941558834 0.665339550169 0.100323274666 -0.159438460760 0.0138955849849 0.336119453401 -0.459870901422 -0.0112157386450 -0.463836023327 -0.393080296940 0.211502720237 -0.410927095754 -0.487977324960 -0.500281852017 -0.397560194923 -0.215213687220
# log_Fh:
 0.324954541506 0.275973645701 0.201283843010 0.360504832422 0.465751910883 0.921939486940 0.342987744730 0.999999949400 0.630655170925 0.344814782099 0.160576620847 0.609034260924 0.142292547192 -0.411432466457 0.393397437366 -0.294770073766 0.469431548589 -0.100060552122 0.480481711195 0.543015124934 0.127638178167 -0.120640578662 0.240878710556 0.670256669390 0.422870213426 0.0458525646402 -0.536717869019 -0.531441864928 0.335086698593 -0.599179992293 -0.540253075184 -0.909766536300 -1.01291410451 -0.606826024951
# log_qflo:
 -7.76654586396
# log_qcru:
 0.0125643635306 0.396719433114
# log_Lom:
2.89037175790
# log_cv_edadm:
-2.23451341927
# log_Loh:
2.89037175790
# log_cv_edadh:
-2.39214809754
# log_Mh:
-1.20397280433
# log_Mm:
-1.20397280433
# log_Fref:
 1.85315533957 1.21637400106 0.906743938096 0.722215473700
