# Number of parameters = 148 Objective function value = 15958.1317590909  Maximum gradient component = 5.10350192802462e-05
# log_L50flom:
 1.91865950259145
# log_sdL50flomL:
 0.867635441279361
# log_L50floh:
 1.41702390951286
# log_sdL50flohL:
 0.208843635262120
# log_L50crum:
 2.07860415319777
# log_sdL50crumL:
 1.18726220289613
# log_L50cruh:
 1.46050429381838
# log_sdL50cruhL:
 0.758559914222304
# log_Ro:
5.20990519965
# log_propmR:
-0.693140000000
# log_dev_Ro:
 -0.0751786604272 -0.107129399691 -0.107199986201 -0.00842457975141 -0.0362393198304 1.20436111900 -0.157114115309 -0.445618215683 -1.37856291882 -1.77806830692 -1.48119479544 -0.694744672392 -0.290128367605 0.548024975505 0.591324251902 0.684334293777 0.0562879610848 0.775450966324 0.484990830443 0.160138706570 0.227639440294 0.0820120211489 0.501190552217 -0.524979919599 0.167492544544 -0.259488169812 0.147428264380 0.105791793903 0.510218845258 0.0678528212835 -0.148114616843 -0.384866024432 0.809578113026 1.35627024404 -0.455517059896 -0.147818616048
# log_dev_Nom:
 -0.247593749333 -0.274771331220 -0.164893614302 0.225470520438 1.40033770940 0.703396443586 0.587079165390 0.317727547855 0.136837032118 0.0550632377053 0.0132024571777
# log_dev_Noh:
 -0.516201167263 -0.929106996270 -1.06996356876 -1.09856604562 -1.02278221965 -0.885985318515 -0.741577602681 -0.601083497133 -0.467583329419 -0.350233340382 -0.390242245038
# log_Fm:
 -0.394660761683 -0.299854348597 -0.108392652615 0.315464298909 0.605415626222 0.0876071241238 0.754596360436 -0.692931305170 -1.55176780764 -2.08664265254 -2.57015342325 -4.16860085700 -0.538573100486 0.321965586017 0.999999998697 0.999999993409 -3.34831442680 -1.42330703552 -2.39254506233 -3.11466177800 -3.25470430244 -1.49520876974 -1.40397388776 -0.454174741049 -0.309811041255 -0.513396100137 -0.0609711200874 -0.527993790971 -0.990518726543 -1.28416226688 -0.706790662242 -0.568646181182 -0.510447012461 -0.558730988058 0.215716940418 0.999999995144
# log_Fh:
 -1.92962149255 -2.25816973075 -2.26311919397 -2.27458625413 -2.83900564147 -2.85847705341 -0.972923572582 -1.81865843034 -1.51966410426 -1.55228903828 -1.21942830482 -5.27055778599 -0.815102531086 -0.331620239370 -0.486263003840 -0.919285499665 -6.20951304483 -4.03466340896 -4.65396164955 -5.24993799150 -5.16369479858 -2.82257299288 -2.84171095035 -2.31694552568 -2.43988258590 0.170989008258 -1.96367341986 -2.11708072143 -2.54910800504 -2.27030738516 -2.00201389989 -2.55277941693 -2.42981916810 -2.33947192839 -1.48291026395 -1.06323250501
# log_qflo:
 -8.64622151227
# log_qcru:
 1.00672991160 0.956370888587
# log_Lom:
2.94443897917
# log_cv_edadm:
-2.34287191425
# log_Loh:
2.94443897917
# log_cv_edadh:
-2.78872531195
# log_Mh:
-1.20397280433
# log_Mm:
-1.20397280433
# log_Fref:
 -0.219910940061 -0.743090367621 -0.972568461509 -1.10502612212
